0.084147098480789662
0.11328483438306297
0.045726874676920673
-0.036960094897674517
-0.051182244065324262
0.022045954865655144
0.12045722769121826
0.15808183783789143
0.10444159626604357
0.012663164012547405
-0.029306013579580112
0.020486159524485792
0.11945701294890072
0.17966316496332047
0.14867387800887688
0.057790566192449447
-0.0067193823859765106
0.017073679674341133
0.10983234257909709
0.18873811066880442
0.18364057322470106
0.10155876895615608
0.020232634006781658
0.016653417283117103
0.096281960628901403
0.18803130355043424
0.20962664164942937
0.14325104273014186
0.051928637929809743
0.02158269067648301
0.08204011546226872
0.17961055102198117
0.22645068149446251
0.18132849335459711
0.08753319736082546
0.033076620714323698
0.069776736867268818
0.16561757202808897
0.23418557894459444
0.21411881897153751
0.12552374727050958
0.051490274705908751
0.06170007833717657
0.14836233204166985
0.23337725510247043
0.2401413488215241
0.16397692099030309
0.076433321126517656
0.059505353256526061
0.13024815653307067
0.22509728693900721
0.25831004659664436
0.2007973738058503
0.10686861927938336
0.064300186122156072
0.11363469703940313
0.21090666351111287
0.26806450593248465
0.23392510686566351
0.14123165544824673
0.076550018717072663
0.10068077804373071
0.1927597381042328
0.26944064334633883
0.26152360155296872
0.17757739587384208
0.0960616256164461
0.093191543747178751
0.17286632732469878
0.2630844063328408
0.28214158147851415
0.21374968713766454
0.12201204753687295
0.092487361169119639
0.15352760664127824
0.25021153685540959
0.29483918705015644
0.24756297914748052
0.15302355717284952
0.099307535858578364
0.13696121931474553
0.23251870354776166
0.29927041125637821
0.27698361010036704
0.18728023777553421
0.11375791707916504
0.12513080819912875
0.21205424433044084
0.29571628942984279
0.30029717966791886
0.2226777724015864
0.13530737628214545
0.11959429284056423
0.19105949854277848
0.28506682696797925
0.31624925590750297
0.25699504518010957
0.16283393210524322
0.12138343367790232
0.17179378986261198
0.26875349572278301
0.32414857022456522
0.28807422217091916
0.1947171612797616
0.13092456926420964
0.15635727401539692
0.2486379303722093
0.32392471717406157
0.31399518846234159
0.2289697415794609
0.14800703491027978
0.14652594533300176
0.22686586211289209
0.31613592330144491
0.33323059681999567
0.26339779007912067
0.1718019120779995
0.143612071277092
0.20569804385931767
0.30192637807821132
0.3447692824615084
0.29577732409508217
0.20092970933533255
0.14836126191954974
0.18733171987675856
0.28293660599511683
0.34819828870373637
0.32403286001583126
0.23357165176362477
0.16089443863946445
0.17372692311374854
0.26117407811995447
0.34373702510661297
0.3464039759915567
0.26761576408224724
0.1806993729045791
0.16645148316505604
0.23885441388082435
0.33222087884191925
0.36158661004656106
0.30082614865459645
0.2066725055220367
0.16655712620917756
0.21822585610061182
0.31503561661045087
0.36883786834126014
0.33102200294933032
0.23720774299940056
0.17449656350485138
0.20139102717400015
0.29400782723826213
0.36803601824645349
0.35625213870991995
0.27032517932892053
0.19008819405187438
0.19014018529351329
0.27126015155973304
0.35969090580234897
0.37495111861508645
0.30382950649693596
0.21253124974422385
0.18580927938624975
0.24904284725391207
0.344903982515402
0.38606458693993334
0.3354855085830678
0.24047018982697854
0.18917412282126672
0.22955511843231236
0.32528113765613531
0.38913382195913948
0.3631966708063572
0.27210322577090884
0.20038912632730288
0.2147704527919902
0.30280528948580077
0.38433278407582872
0.38517268469741861
0.3053263403146394
0.21897547911822568
0.20627988810152195
0.27967889268629553
0.37245471615728282
0.40007251350343082
0.33790133544098894
0.24385972672882805
0.20516570012491361
0.25814891435767001
0.35484936988456495
0.40711162752364938
0.36763452870321045
0.27345967831592838
0.21191557960273522
0.24032822640128887
0.33331586397595403
0.40612487226316929
0.39255186809889187
0.30581080499985464
0.22638413966614121
0.22802764669870063
0.30995971363746744
0.3975799657401079
0.411056520197007
0.33872306456658219
0.24780482400841525
0.22261201250827772
0.28702542400607828
0.38254055347044447
0.42205638175194454
0.36995566348322595
0.27485127064243647
0.22489175452774612
0.26671798634710592
0.3625817673168395
0.42505136038912977
0.39739583779322862
0.30574324597468333
0.23505861162938008
0.25102749930377966
0.33966501745338995
0.42017347428406437
0.41922741389379992
0.33838871307126484
0.25267060965709903
0.24157088817220818
0.31598199379152109
0.40817657880630587
0.43407572397537986
0.37055071922130162
0.2766875029966287
0.23946333283459487
0.29378030565671504
0.39037654048382753
0.441117334182485
0.40002581052590169
0.30555385751635178
0.24522964813873424
0.27518465092965183
0.36854662572604502
0.44014584630562281
0.42481976276346423
0.3373231581575713
0.25876267769464578
0.26202776176363762
0.34477643909445005
0.43158853276111497
0.44330663136139103
0.36981305625376415
0.27933201680353931
0.25570459500504028
0.32130564934820077
0.41647248102883594
0.45435845192042623
0.40077939091567816
0.30564237087908264
0.25706138362258324
0.30034574972636247
0.39634294561245309
0.45743526054880779
0.4280951231423652
0.33593690164428325
0.26632838830510269
0.28390405197950647
0.37314041257660063
0.4526282640363361
0.4499199298481692
0.36813732956478562
0.28310170713786831
0.27362393560791709
0.34904617053440129
0.44065272184459742
0.46484694891330169
0.40000963289310199
0.30637559322607916
0.27065407878256026
0.32630869061855544
0.42279110772146067
0.47201498640821216
0.42934214459531544
0.33462270661051341
0.27555708867326478
0.30706464662910393
0.4007910793610498
0.47117724832373792
0.45412186074376504
0.36591590832403958
0.28826481029807915
0.29316883343682554
0.37672638442263184
0.46272112230061968
0.47269491636303701
0.39808189514632286
0.30808387455676134
0.28604653282596099
0.35283178362634521
0.44763743411841223
0.48389844586697439
0.42887443714238899
0.3337510440281245
0.28658008775241922
0.3313251413722742
0.42744162846052064
0.48715332465763739
0.45615341847145741
0.36353394819800022
0.29503872092028161
0.31423085650757698
0.4040531531081713
0.48251040459383143
0.47805541962070686
0.39536918404294219
0.31105718871711929
0.30321869906714605
0.37964265516409751
0.47064656064644234
0.49314225298264802
0.42702678135156402
0.33366497131233452
0.2994708915434271
0.35645916194390004
0.45281086403256721
0.50051561988218063
0.45628793192961647
0.36136367400575919
0.30358802326348927
0.33665101354907295
0.4307251699833185
0.49988875587271442
0.4811218252095687
0.3922464744018172
0.31554129299760303
0.32209481184294181
0.40644703957468703
0.49160935738148082
0.49984750394021454
0.42415010061018299
0.33467488441572041
0.31424601194170776
0.38220591547129279
0.47663196365793603
0.51126784689811944
0.45482723424586724
0.35975828542970056
0.31402305827825566
0.36022560198706877
0.45644199431740834
0.51476500588527296
0.4821256049513406
0.38908438393571132
0.32173429513323792
0.34254719083584556
0.43293749383874702
0.51034969478617898
0.50415951010026272
0.4206055259295573
0.33705347411885911
0.33086653842220015
0.40827800339565495
0.49866040455755073
0.51946009672983906
0.45209669788889839
0.35904580987777646
0.3263992413382551
0.38471259900210714
0.48091260687853837
0.5270924345210537
0.48133283459658099
0.38624250860177511
0.32978386622513595
0.36440079453633878
0.45880199304890212
0.52673005403722595
0.50626612834011675
0.41675783264343252
0.34103114282286329
0.34924057657362351
0.43436945623462214
0.51868101271097
0.52518921529943896
0.44843937608013856
0.35952316761835806
0.34071726982960948
0.40983857265099638
0.50386341232916387
0.5368712399380895
0.47903958051254086
0.38406268167397861
0.33978527264998482
0.3874385279808284
0.48373231841906944
0.54065595872471905
0.5063948283837888
0.41296849732786106
0.34679208356272884
0.36922659473922487
0.46016390322529294
0.53651406842696514
0.52859784747513605
0.44420947225496576
0.36145067101785172
0.35692430205845538
0.43530604150223767
0.52504559065497369
0.54414969305233762
0.475566358708227
0.38286238744020773
0.35178034862739793
0.41140726068772088
0.50743212281400674
0.55207920096168217
0.50480863523023634
0.40958860238198341
0.3544711791678743
0.39063767129326837
0.48534275923105746
0.55202039621248322
0.52987223462346544
0.43976534861860539
0.36504714456721649
0.37491614219083902
0.46080117682076949
0.54424169081779916
0.54902401056478811
0.47125184863869357
0.38292853461187248
0.36575748800434804
0.43602447326006916
0.5296245450988617
0.56099984163580863
0.50180109007976059
0.4069517994379831
0.36415184165556969
0.41324659581397394
0.50959329236438267
0.56510537156310214
0.52923886224931471
0.43546227780484847
0.37048582125754664
0.3945404264494965
0.48600171716810181
0.56127136083528151
0.55163699186059412
0.46644604558520975
0.38451177122978908
0.38165269590887391
0.46098542232815926
0.55005924049062627
0.56746697819458358
0.49769038156747697
0.40536752793991943
0.37586487746118524
0.43679174513493635
0.53261642573105583
0.57572178926598983
0.52696006802198991
0.43164513541727528
0.37789114152086084
0.41560077158856767
0.51058494911749464
0.57599611684291319
0.55217548209111555
0.46150303734531839
0.38782150007022931
0.39935170662927999
0.48597069163321477
0.56851869731005544
0.57157829140323868
0.4928128082405433
0.40511467002570867
0.38958843166478685
0.46098362864942366
0.5541341237692039
0.5838715547476393
0.52332873535035551
0.42864122410130978
0.38733655224653363
0.43786181676032621
0.53423559826654832
0.58832306752220742
0.55086674252402801
0.45677359184676986
0.3930217302562799
0.41869314264484137
0.51065398111472982
0.58482371956326828
0.57347840313166976
0.48751574147665966
0.40643580626119197
0.40524903338497181
0.4855119756230773
0.57389621665186596
0.58960618030700984
0.51866221215503217
0.42675341075551054
0.39884337482539767
0.4610550638402679
0.55665347098933382
0.59820752820786249
0.547973828357189
0.4525977410886004
0.40022787649828068
0.43947266091222514
0.53470997527362374
0.59883796849923909
0.57335609904308804
0.48215026436646974
0.40953221832247666
0.42272373483530001
0.51005322030502898
0.59168652427209079
0.59302609050416188
0.51329560749381464
0.42625374699373197
0.41238078267182871
0.4848853989573762
0.57756068878796163
0.60565447992383592
0.54379009253417243
0.44929754288045931
0.40950459202791245
0.46144800631989802
0.55782212646472562
0.61047147378023892
0.57144049199139546
0.4770636657522182
0.41455976425507318
0.4418433082944061
0.53427822815821047
0.60732815372376248
0.59427876450080774
0.50757462942751341
0.42737772878015395
0.42786690038772518
0.50903815941428743
0.59670836318225218
0.61071885161501649
0.53863295081323115
0.44717019485016329
0.42086469499915324
0.48434486883404976
0.57969018784232729
0.61968304537071117
0.56799622309770881
0.4725919691616845
0.42162572954129951
0.46239643869681429
0.55786009847678553
0.62068786029547052
0.59355576689395761
0.50184813538498818
0.43031933426419566
0.44517100897393169
0.5331865954770435
0.61388256936533114
0.61350462811075568
0.53283705774854939
0.44648166498272013
0.43426922121080819
0.50786342051922972
0.60003733418513039
0.62648153996160971
0.56331781712430318
0.4690526735262438
0.43078673313066806
0.48413482505601696
0.58048187495775383
0.6316793812033914
0.591088741773797
0.49646057088819573
0.43522695939596873
0.46411681466811644
0.55699956577934673
0.62890949090532744
0.61416281111995807
0.52674705481091111
0.44746098956964447
0.44962860886898881
0.53168539158946271
0.61861671649145156
0.63092596000114443
0.55772332626854237
0.46673787620863949
0.44204774219817788
0.50677908186397624
0.6018439963578287
0.64026567300094284
0.58714446668387554
0.49174447356536805
0.44220034918621343
0.4844867135440768
0.58014929841177143
0.6416596251217862
0.61288828510844662
0.52071006019881383
0.45029537304609957
0.46680499422782251
0.55548153117932375
0.63521730775493535
0.63312438851976882
0.55154741133556018
0.46590793900668104
0.45536222314171015
0.53002531234815453
0.62167132406289216
0.6464600072095571
0.58201908325405005
0.48801321677518972
0.45128859886653594
0.50602696041105333
0.60231904719527796
0.65205095891219544
0.60991566358930094
0.5150680746804408
0.45512620504544832
0.48561557083153023
0.57891928882671373
0.64966891234992374
0.63323178825621373
0.54513402098954999
0.46678584457607886
0.47063342971646571
0.55355220935650029
0.6397195920339569
0.65032590359882003
0.57603163897779708
0.48555416086458109
0.46248927415964236
0.52845362925738626
0.62321047415151476
0.66005104721814911
0.60551421355630786
0.51015047888025966
0.46204608846665907
0.50583694024988657
0.6016705468792779
0.66184622956623695
0.63144671847312184
0.53882883809805804
0.46955237436262176
0.48771680276880564
0.57702852698350338
0.65578113691360063
0.6519759060824496
0.56951708945573498
0.48462237017090343
0.47574867389306069
0.55145923391487661
0.64255059468958819
0.66567795044068911
0.59998197595385527
0.50626679470376013
0.47109694886373377
0.52721035916136605
0.62341923225438933
0.67167188257639032
0.62800704668412888
0.53297166683550334
0.47434221997275305
0.50642343032435733
0.60012075708640367
0.66968978175667027
0.65156923176760084
0.56281892204714412
0.48543504053681114
0.49096323182789536
0.57471986215615189
0.66009813136466156
0.66900001235489015
0.59363921770818195
0.5036998771022464
0.48226927051986468
0.54944776687640762
0.64386863820121876
0.67911834698877005
0.62318475472443546
0.52788893506048562
0.48124111834006633
0.52652449235201015
0.62250083973834547
0.68132476550094967
0.64930834868815657
0.5562815699659408
0.48816676560201772
0.50798202839050333
0.59790266439553363
0.67564913498648893
0.6701344858345164
0.58682136551695285
0.5026996922340875
0.49550247869720732
0.5722384593479195
0.66274829285464198
0.6842087375939051
0.61727995865521301
0.52388648348050548
0.49028407752438752
0.54775659189256865
0.64385373551451619
0.69061363147098775
0.64543456157863111
0.5502427902197421
0.49294575081978365
0.52661035755750918
0.62067352979310053
0.68904174805090657
0.66924503937400481
0.5798715829529193
0.50347782448671496
0.5106864613188441
0.59525626077378202
0.67982022127488484
0.68701643737460649
0.61061427942509516
0.52124280631521525
0.50145473502151605
0.56982785390014867
0.66388469031488662
0.69753401141407023
0.6402227071472133
0.5450261793034249
0.49985106243519778
0.54661427001005791
0.64270477803333415
0.70016000455119254
0.66653820238998451
0.57313316020951
0.50620283807532007
0.52766419731894854
0.61816703237805404
0.69488446109417978
0.68766357873343054
0.60352371561019658
0.52020289770363992
0.51468586461412869
0.59242465554055335
0.68232603011499526
0.70211426626266937
0.63397508017070592
0.5409339971962891
0.50891097503394844
0.56772599137320545
0.66368269445274741
0.70893658175465468
0.66225883102023919
0.56694188981302907
0.51099659939528308
0.54623543366560634
0.64063635011167042
0.70778370852675776
0.68631841259589976
0.59635118058042191
0.52097284419666112
0.52986102163014293
0.61521883721011583
0.69894333344195325
0.70443297043366415
0.62701472890103949
0.53824046303973405
0.52010245624734619
0.58965009438411586
0.6833147395283371
0.71535444300622175
0.65668469806816387
0.56161860174750144
0.5179316444074078
0.56616132917848849
0.66233717900729172
0.71840699095595906
0.68319162598514849
0.58943887383596028
0.52371528663844302
0.54681729057610606
0.63787523249912581
0.71354084325267797
0.70461725242385209
0.61967827234626249
0.53718567504388293
0.53335180133891069
0.6120702866312725
0.70133627092708917
0.71944733550688655
0.65012033036206818
0.55746202767356134
0.52702965156508197
0.58716996126257959
0.68295737183967087
0.72669228414520382
0.67853169226253507
0.58312065984956496
0.52854585494721906
0.56534907405798807
0.66005934796845711
0.72596599692492192
0.70284003015085172
0.6123084026439205
0.53797029292489129
0.54853640427755113
0.63465666145843458
0.71751662718741871
0.72129913274214841
0.64289023366171338
0.55474215635110824
0.53826105568149396
0.60896257205049265
0.70220682357845354
0.7326280158289934
0.6726193599504412
0.57771462745069313
0.53553065719851656
0.58521283825061987
0.68144502009709385
0.73611297286877142
0.69931620433275277
0.60524624273555372
0.5407511038264321
0.56548762610726366
0.65707324904386499
0.73166443640574486
0.72104203721798099
0.63533165896343202
0.55369423116299143
0.55154581224554389
0.63122041362832759
0.71982412078345903
0.7362534224858307
0.66576140540273165
0.57351599859912428
0.54468488048747754
0.60613270845987832
0.70172187716693424
0.74392517437546246
0.69429789663336627
0.59882373271559297
0.5456375726168573
0.58399469653196956
0.67898569778252937
0.74363203070835349
0.71885368480846845
0.62778707431626601
0.5545135260332118
0.5667552956081956
0.65361203838970583
0.73558253640636995
0.73765775190751559
0.65828379112445379
0.57079054740936763
0.55597253583843942
0.62780678902569831
0.72060243816686353
0.74939659523873692
0.68806884078990882
0.59335621749142231
0.55268945512773926
0.60380956120574214
0.70006891306877628
0.75331886740387366
0.71495321674756462
0.62059651282988948
0.55735101836488921
0.58371528876298484
0.6758008704245031
0.74929523516888374
0.73697833017262004
0.65052438488887998
0.56976867868054715
0.5693073535060319
0.64991406537221463
0.73782868892037157
0.7525720368684824
0.68093805399826624
0.58913540376775564
0.56191552881160634
0.62465256577983186
0.72001448146535008
0.76067388007810988
0.70959640854631567
0.61408997027975532
0.56231005728722949
0.60220999771338157
0.69745288742948863
0.76081957245109733
0.73439753721654122
0.64282540465307747
0.57064030021943513
0.58455480895607514
0.67212173279298115
0.75317798738423802
0.75354617249592304
0.67323293202489443
0.58642284596005623
0.57327346998874829
0.64621884879085956
0.73853771302929949
0.76569670700333059
0.70306996635908048
0.60858002453238813
0.5694441029543259
0.62198700021237596
0.71824424007067367
0.77006039004203353
0.73013875978645759
0.63552576040837516
0.57355060525313173
0.60153523421332289
0.69409278686107645
0.76646816516292327
0.75246148005772873
0.66529192447632146
0.5854441086367097
0.58667088089496844
0.66818529940602056
0.75538414313664781
0.76843776954201592
0.69568512007625283
0.60435484394906991
0.5787555883895853
0.64276301749871312
0.73786863708780848
0.77697223471388932
0.72446141361960337
0.62895346637922966
0.5785968606174694
0.62002794469341527
0.71549370439355708
0.77756171039174304
0.74950509085453065
0.65745695609286947
0.58638373775781105
0.60196744371909117
0.69021792323278008
0.77033534731055708
0.76899719915747045
0.68777065826171735
0.60167174309243965
0.5901959299643329
0.66423037901635129
0.75604432967815183
0.78156044987077566
0.71765514766550231
0.62341829535038251
0.58582627364192086
0.63977628865209923
0.73600204181061957
0.78636893785138973
0.74490462553003578
0.65006576562824447
0.58938115466493601
0.61897815331762729
0.71197945014049724
0.78321393803625217
0.76752263761360473
0.67966556262177147
0.60075143165618006
0.60366668661056921
0.68606403440892372
0.77252053770973206
0.78388111594162091
0.71003336161214492
0.61920484139369536
0.59523498624484494
0.66049350550406827
0.75531377955812662
0.79285007501803839
0.73892311175685943
0.643444335701439
0.59452756589387223
0.63747755588937061
0.7331370125379596
0.79388763098954973
0.76420596036599908
0.67171140870368473
0.60177308684232145
0.61902184188211073
0.70792895468291772
0.78708317288935725
0.78403984116044023
0.70192618345509383
0.61656614800624887
0.60676821925486146
0.68186926095750877
0.77315024696574652
0.79701621721030635
0.73185309872755766
0.6378995849198984
0.601863958901939
0.65720489813539718
0.75336972092747545
0.80227228909702386
0.75927899744104743
0.66424470477208108
0.60487036077756307
0.63607115758173949
0.72948775561126733
0.79955972986276991
0.7821894303178164
0.69367306601677248
0.61571804586864654
0.62032156396028559
0.70357671159149815
0.78926447136225553
0.79892913051353454
0.72401010166555579
0.63371248761961951
0.61138022924170254
0.67787007083337614
0.77237596584896251
0.80833387590979355
0.7530083487200544
0.65758934218069676
0.61012841340970692
0.65458452343761175
0.75040837140177818
0.80982323499487474
0.77852648438858874
0.68561516990523341
0.61683432837561503
0.63574339194598539
0.72527993951723324
0.80344680825056003
0.79869990716614325
0.7157255246808929
0.63113177688268596
0.6230154591278465
0.69916021278404139
0.78988028148405887
0.81208927438803757
0.74568941097909458
0.6520493280143056
0.61758203813508095
0.67429720478698463
0.770371605495759
0.81779516384232021
0.7732870080698474
0.67808770520313444
0.6200428741421623
0.65283832899128824
0.74664158938097547
0.815529725563931
0.79648650399425169
0.7073392220581165
0.63036837329402906
0.63665934131122337
0.72074682614761032
0.80563961607110413
0.81360595280311143
0.73763975182114727
0.64790196437771352
0.62721492270114965
0.69491586991772614
0.78907838811717024
0.82344726160809734
0.76674112465488031
0.67141240508957789
0.62542280427539243
0.6713717147444882
0.76733053537554929
0.82539163411502436
0.79249021969379652
0.69919186621213203
0.63159066548470411
0.65215471628136978
0.74229324261600027
0.81944886766331293
0.81300048548963111
0.72919198037233912
0.64539162859985821
0.6389600622631223
0.71612526108647956
0.80625657679891205
0.82680222563198214
0.75918701781649101
0.66589030159892937
0.63300273880797708
0.69107494760220689
0.78702940523157205
0.83295967787886871
0.78695119071411457
0.69161729489792501
0.63492074924916497
0.66930116565064135
0.76346227192395355
0.83114556034193399
0.81043596203282298
0.72068627596583579
0.64472429502924866
0.65270131542876897
0.73759535867473958
0.82166714642101024
0.82793323466187441
0.75094423732165327
0.66179496687916828
0.64276019184240929
0.7116515942085424
0.8054417913747639
0.83821142123346937
0.78014300765191724
0.68493501071326002
0.64043171035370938
0.68785958069787301
0.78392386006781001
0.84061355539886096
0.80611834357251966
0.71246274374831753
0.64606292232902696
0.66827606828992703
0.75898887678907678
0.83510962907227748
0.82696233568869582
0.74234652005435031
0.65936637278201837
0.65462211921660107
0.7327841257014569
0.82229898648878808
0.84117539518627982
0.77236657391903996
0.67944300247923972
0.6481460125617684
0.7075576030062346
0.80336258436779417
0.8477857137904512
0.80029184867721526
0.70485377004060157
0.64952381061439712
0.68547894639574758
0.7799689211110844
0.8464266809810751
0.82405772492309193
0.73373428866014001
0.65880550763573686
0.66846660645233524
0.75414112866251648
0.83736609145455188
0.84193049037868417
0.76394334555254506
0.67541105079979979
0.65803502742174258
0.72809581441647564
0.82148481618339397
0.85264544984384272
0.79323347315236181
0.69817655027760961
0.65517401085383098
0.70406649093715601
0.80020663612556053
0.85550767346933698
0.81942998446278181
0.72544699739725682
0.66026987193466513
0.68412565897684829
0.77538482799088149
0.85044735780414904
0.84060421070161595
0.75520810500511382
0.67307466915219039
0.67001971655881953
0.74915453657821951
0.83802538958850703
0.85522714123370491
0.78524676770143642
0.69272595844350204
0.66302984517340646
0.72376269361915968
0.81938866908489749
0.86229122692163174
0.81332735978076831
0.71781549822045165
0.66386995481397371
0.70138903169641842
0.79617875186567688
0.86139064411042643
0.83736982708506491
0.74650143227141319
0.67262981749343453
0.6839724511663815
0.77040108660086726
0.85275362546401656
0.85561538607537235
0.77665501411432025
0.68876791919355784
0.67305657159792931
0.74426526528974213
0.8372242821982725
0.86676663062974824
0.80603018482386879
0.71115459965741634
0.66966677101211725
0.72000901151189667
0.81619536574186569
0.87009088574095028
0.83244249586110974
0.73816204353455928
0.67422850790710043
0.69971992769352886
0.79149732499319747
0.86547857501828962
0.85394312401610428
0.76779395423657826
0.68653343248966958
0.68516920090020006
0.76525249680940299
0.85345195247260919
0.86897411653376222
0.79784458075875797
0.70575598667394557
0.67767051405796885
0.73970604483015823
0.83512350301607174
0.87649249968581433
0.82607442948304155
0.73051917050152582
0.67797540165480052
0.71704711395332643
0.81210732546975806
0.8760533643718823
0.85038866386147383
0.7590042360684045
0.68621338582773539
0.6992344471950297
0.78639055725853013
0.86784531019894096
0.86900398076425844
0.78909557080397552
0.70188166156142584
0.68784035619572825
0.76017508302888259
0.85267542458475165
0.88059067021883619
0.81854922878379854
0.72388515266983633
0.6839254745929636
0.73570213659115524
0.83190499344188851
0.88437854214322631
0.8451716849689811
0.7506237477251736
0.68795427133589082
0.71507376829543501
0.80734106469301425
0.88021828201137953
0.86699457291254201
0.78011976677055528
0.69975805410312242
0.70008539964821948
0.78109250260619478
0.86859334789399711
0.88243148642783076
0.81017550489174461
0.71854840995098412
0.69208280377365983
0.75540199957995668
0.85058146116394295
0.89040435448855937
0.83854830281791304
0.74298001251841672
0.6918549045744109
0.7324674272235403
0.82776875849513409
0.89042932240891748
0.86312919852829939
0.77125779260314153
0.6995709341500278
0.71426675780342808
0.80212344375800981
0.88265529805874809
0.88211092858074269
0.80127993496297389
0.71476695447747218
0.70240050271388121
0.77583900462968813
0.86785209254491202
0.89413189627310696
0.83080531029960569
0.7363828170294624
0.69796421923312058
0.75115948319428461
0.84734910006589026
0.89838463821691517
0.85763200488953273
0.76284661614917137
0.70146124160437384
0.73020071937771125
0.82292940166775941
0.89468014893863046
0.87977272629458847
0.79219990867437062
0.71276258823434935
0.71478180686296278
0.79668772853613401
0.88346293944822396
0.89561311243424113
0.82225372488804449
0.7311172387792122
0.70628018761154376
0.77086359938729709
0.86577563021857684
0.90404033321019772
0.85076294305307298
0.75521196245177014
0.70552192807886471
0.74766292413875846
0.84317589907915813
0.90453174035210471
0.87560513695599496
0.78327593166169007
0.71271591765785725
0.72908228480904169
0.81761239990762125
0.89719650368892545
0.89494964956751499
0.81322178752660446
0.72743723106552804
0.71674989132993938
0.79126953636566955
0.88276691712494482
0.90740342450934164
0.84281192005682137
0.74866098001564885
0.71179588164050578
0.76639345591484853
0.86254006688181306
0.91212197847676069
0.86983671722989275
0.77484395757319091
0.71476229788338175
0.74511312532965057
0.83827450868146558
0.90887667461781607
0.89229058373638948
0.80404757144846539
0.72555990994847452
0.72927074073040843
0.81205018450672206
0.89807293791071352
0.90853170784493242
0.83409227343566339
0.74347532577617215
0.72027498157595582
0.78610273789052387
0.88071796151333859
0.91741284945002111
0.86273118323567199
0.76722782201783191
0.71898879831928075
0.76264542608329622
0.85834047657898704
0.91837273080216142
0.88782907588938609
0.79507136795611244
0.72566067249759814
0.74369281547348642
0.83286897662919157
0.91148074978752569
0.90753247478559118
0.82493371551854555
0.73990482503905219
0.73090030458339972
0.80647809706068485
0.89743145392331247
0.92041730073231809
0.85458147555399866
0.76073194938138133
0.72543225814686918
0.78141538710728953
0.87748921526755475
0.9256023154516706
0.88179803049086269
0.78662802122030973
0.72786925663291335
0.75982227350331866
0.85338751340871866
0.92281932265474742
0.90456011095698796
0.81567490694866795
0.73816184966552612
0.74356347778078946
0.82719084959477107
0.91243453451963985
0.92119897036942233
0.84570316318748906
0.75563449731602872
0.73407847572111995
0.8011302918433908
0.89541940153148314
0.93053331841889508
0.87446485548639519
0.77903938530725414
0.73226683161658879
0.77742575141591841
0.8732732293631279
0.93196342404423382
0.89981262955502772
0.80665582724159857
0.73841654154889791
0.75810914800958895
0.84790374709170724
0.92551889170807256
0.91987077031423525
0.83642733552878734
0.75218109381853149
0.74486255022779502
0.82147514061883353
0.91185630514345228
0.93318462230140453
0.86612544202216846
0.77260707387829353
0.73888418496606112
0.79623565686538356
0.89220692626944398
0.93883646868644322
0.89352721850589356
0.79821011477817172
0.74079298932955384
0.77433851169221035
0.86827861555051911
0.9365186380427577
0.91659235585307863
0.82709314295295722
0.75057930842197929
0.75767036791946296
0.84211978676792776
0.92655801523008319
0.93362569583103816
0.85709749996128592
0.76760566639205752
0.74770104678747784
0.81595623348831814
0.90989000386660202
0.94341226836348224
0.88597490190531647
0.7906575493167608
0.74536644475841385
0.79201382553986555
0.88798401452520404
0.94531407725909333
0.91156653834256474
0.81804015458625756
0.75099398243939475
0.77234119939327905
0.862726414221756
0.93932092451112814
0.93197504377355411
0.84771339979032079
0.76427652432349513
0.75864656683057552
0.83627026137233507
0.92605122453377442
0.94571564255545926
0.87745443637600151
0.78429684688734502
0.7521616416298027
0.8108637962468771
0.90670274347394819
0.95183442712486466
0.90503472233205706
0.80960070593101185
0.7535435237882806
0.78867134927165927
0.88295718767699671
0.9499843475545009
0.92839754839188671
0.83831268265803416
0.76282235713116509
0.77160093352284664
0.85684624173470691
0.94045285915971577
0.94582187611970248
0.86828558026356162
0.77939892987050563
0.7611522552944987
0.83058972744818893
0.92413902576246587
0.95605943663219151
0.89727147018431175
0.80209240925315495
0.75829725013232574
0.80641877587013489
0.9024819025539661
0.95843416875036624
0.92310076256439622
0.82923440778310997
0.76340266076451413
0.7863980984404555
0.87734590353635611
0.95289607539569654
0.94385503628663237
0.85880188775719946
0.77620082432753101
0.77226151499499329
0.85087228510752422
0.94002520806113887
0.9580198610283831
0.88857831701525603
0.79581099596000249
0.765273840392103
0.82530857652182665
0.92098546195663911
0.96460543762482509
0.91633023833035487
0.82080951013965475
0.7661301317894923
0.80282954469866397
0.89743186248157425
0.96322544659771303
0.93998518702296507
0.8493431907516833
0.77490032247573271
0.78536395521986391
0.87137872853082954
0.95412782382128625
0.95779678398411261
0.87927697570776542
0.79102365269392205
0.77444092963574251
0.84503921467020515
0.93817501175365525
0.96848385289221617
0.90836399642343357
0.81335334109512791
0.77106813816899389
0.82064901415970348
0.91677525940948368
0.97133247962608915
0.93442456372038141
0.84024793831947187
0.77565153091601369
0.80028826654102092
0.89177044367898894
0.9662528838800104
0.95551980223956545
0.86970208553118644
0.78796300171236944
0.78571585652894937
0.86528934808290137
0.95378657262083211
0.9701061017475241
0.89950626175792991
0.80715856054057789
0.77822930386222555
0.83957808669386769
0.93506320554706079
0.97715808183361852
0.92742279465311073
0.83184556687682276
0.7785614052081995
0.8168211815577211
0.91171060862291897
0.97625027470112724
0.95136411376501884
0.86019366820697252
0.78682186156815925
0.79896754648487345
0.88572510395789683
0.9675910192480931
0.96955904675974602
0.89008060641352715
0.8024885411109447
0.78757523924345751
0.85931248547945338
0.95200586645508767
0.98069391153633001
0.9192612771805041
0.82444907343272633
0.78368734910571247
0.83471230818581643
0.9308718179973916
0.98401716491731395
0.94554657524119923
0.85108946186826251
0.78774890647471918
0.81401948799647239
0.90600763659624495
0.97939927166023466
0.96697777875911717
0.88042265504792083
0.79957143352318139
0.79901742345417714
0.87952896592390195
0.9673430246591006
0.98198258148245743
0.910246835764141
0.81834795972024055
0.79103593270822781
0.85367980112798669
0.94894349423472268
0.98950034324037817
0.9383208179471727
0.84271730611825857
0.79084532243765648
0.83065373493675287
0.92580079693065764
0.98906658139849879
0.96254257972774826
0.87087251755032824
0.79859502712338193
0.81241921877821133
0.89989263260265973
0.98084997273292596
0.98111671074545836
0.90070480509200535
0.8138017066299077
0.80056275851238201
0.8734167434242015
0.96563891817491143
0.99269743494642304
0.92997153241346775
0.83538775023656542
0.79616253571492546
0.84861584443354943
0.94477874067106227
0.99649581575637336
0.95647486432577389
0.86176711990942878
0.79970252176842471
0.8275989715548222
0.92006451894173147
0.99234260372669358
0.97823684648062192
0.89097169458824887
0.81103392638374316
0.81217347840743226
0.89359809393913292
0.98070172024614366
0.99365696947527404
0.92080805097511709
0.829387051540319
0.80370106494192017
0.86762063878891837
0.96263330321368867
1.0016396658965487
0.94903219175728704
0.85343260656747688
0.80298930657868706
0.84433412959785381
0.93970925843312003
1.0016815839626201
0.97352830251426059
0.881387600042699
0.81022732457641156
0.82572593866086952
0.91388804385712297
0.9939116855945167
0.99247729763657044
0.91115737321911094
0.82497072209188582
0.81341052287221249
0.88735866129628616
0.97908097472809508
1.0045017289851539
0.94050246068093957
0.84617698591627066
0.80850081835126963
0.86236628312423191
0.95850267410342693
1.0087755139507499
0.96721698620294638
0.87228853380591254
0.81151958591359741
0.84103340445572783
0.93394761601441856
1.0050897420391727
0.98930438290210776
0.90135679190511719
0.82235776955626472
0.82519076771289113
0.90750318013172881
0.99386931786775579
1.0051364399151514
0.9311974183246684
0.84028318509684652
0.81623152803176369
0.88140701533129262
0.97613911480156901
1.0135830060349496
0.95956430785496705
0.86399884683421613
0.81500027660951291
0.8578687911524131
0.95344233541148549
1.0141020181886016
0.9843285166982485
0.89174628596292826
0.82172576232894534
0.83889417806222732
0.92771758211335842
1.0067826831404034
1.0036478541784317
0.92144563045567474
0.83600267101729719
0.82612507815791036
0.90114443047085269
0.99233837259014079
1.0161136318503656
0.95086128773083356
0.85682391379324474
0.82070883343742673
0.87596980670424385
0.97204979763925081
1.0208628800587016
0.97778003191893714
0.88266085243106274
0.82320683043313814
0.8543290000734296
0.94766298931443282
1.0176470928397856
1.0001873093986515
0.91158507103555353
0.83354978171089666
0.83807556818625051
0.92125021196185153
1.0068520249872341
1.0164277182044796
0.94142199376606883
0.85104324648490148
0.82863368487787636
0.89504488907134283
0.98946696425843284
1.0253368776087139
0.96992411150993352
0.87442295057944019
0.82688469254467289
0.87126369124496517
0.96700592648050676
1.0263341832224668
0.99495001836790797
0.90195549898120841
0.83309689610872306
0.85192995868045363
0.94138705110856868
1.0194690587977406
1.0146349960080281
0.93157645827815727
0.84690419118566851
0.83871252423344012
0.91477980451706475
1.0054170203386283
1.0275395572361208
0.96105480941707977
0.8673352289238967
0.83279277632103021
0.88943216272255488
0.98542586605241644
1.0327641158874541
0.98817067056767627
0.89289079426082818
0.83477055135974676
0.86749154006327867
0.96121627861835823
1.0300206485018155
1.0108921327917537
0.92166323368889358
0.84461635229240528
0.85083372855435524
0.93484475774052578
1.0196556392541865
1.0275371218896574
0.95148841898394998
0.86167369944879846
0.84091347451163112
0.90853980169911952
1.0026224803611148
1.0369073926021615
0.98011814155277277
0.88471142647209411
0.8386485954247761
0.88452438758405938
0.98040552653070079
1.03838398126663
1.0053992045648528
0.91202175544754716
0.8443468682631966
0.86483889133379221
0.95490185323529586
1.0319765132237024
1.0254449464920665
0.94155633862511579
0.85768151325051689
0.85117855366762241
0.92827013787523038
1.0183224371748643
1.0387855325895041
0.97108942973046408
0.87771722605621272
0.84475843928232397
0.90275870187354768
0.99863624748165702
1.0444850421843577
0.99839518673137406
0.90298468469504611
0.84621664658612827
0.88052641177000479
0.97461273932916803
1.0422160246666821
1.0214249822229537
0.93159759595751757
0.85556347822729395
0.86347070623062327
0.94829200339212361
1.0322855850946511
1.0384705969881156
0.96140295751989757
0.87218062146392406
0.85307644824272388
0.92189691445119426
1.0156109214500579
1.0483002968279627
0.99015256594040291
0.89487040366640425
0.85029764284304299
0.89765605952327321
0.99364626223236707
1.050256952859896
1.015682108312975
0.92195119928748248
0.85548144267700155
0.87762621094945881
0.96826702450079438
1.0443103890768446
1.0360835712402943
0.95139138823555314
0.8683404950628093
0.86352848613288102
0.94162042026847015
1.0310597871911711
1.0498572331261866
0.98097119460402971
0.8879758333775285
0.8566112453478254
0.9159544118577837
1.011685957194862
1.0560311321686464
1.0084595137765069
0.91294848925050376
0.85755064910217971
0.89343864153533803
0.98785727573591375
1.0542384933017399
1.0317916419619884
0.94139412097798336
0.86639679659679769
0.87599160006923305
0.96159678520602576
1.0447469463006855
1.0492337503273934
0.97117152692524067
0.88256973586132648
0.86512780186241667
0.93512104035017718
1.0284372075527057
1.0595210018123364
1.000033213423815
0.90490566339688339
0.86183714060345928
0.91066353978487424
1.0067329236916571
1.0619583083199908
1.0258044298230633
0.93174963308862746
0.86650603589454089
0.89029680776919218
0.98148726571237821
1.0564757020240689
1.0465564088665478
0.96108738924949466
0.8788866522711507
0.87576729909281992
0.95483530741267963
1.0436339099454408
1.0607600121642864
0.99070582205049951
0.89811664260883339
0.86835627846317009
0.92902394761174956
1.0245796877309061
1.0674075414507227
1.0183692635501098
0.92278784316860962
0.86877775665990575
0.90623292444363679
1.0009544707197806
1.0660930122135275
1.0419975806821491
0.95105844807322426
0.87712161380439135
0.8884011796246698
0.974763619102053
1.0570444951420714
1.059831878417002
0.98079972745984001
0.89284644051190243
0.87707240441781043
0.94821667302393675
1.0411059490944106
1.0705746132773815
1.0097656018253331
0.91482266719638794
0.87327207101395632
0.92355134282761242
1.0196699927583022
1.0734929558464066
1.0357715643691474
0.94142254587218266
0.87742574493994685
0.90285525526183941
0.9945669703772807
1.0684771684699379
1.0568686984825315
0.97064981655401128
0.88932518568009955
0.88789965525819015
0.96791914850253469
1.0560493478189508
1.0714989282508172
1.0002987291042817
0.90814493591641443
0.87999831049415422
0.94197165837382313
1.0373218358845244
1.0786191348028105
1.0281297529385591
0.93250807789816093
0.87990285832480652
0.91891365096252819
1.0139086123618217
1.0777842514701403
1.0520479776548977
0.96059591882622719
0.88774293168654261
0.90070391136366046
0.98779672685503062
1.0691827184438873
1.0702699932952535
0.9902928677774705
0.90301583350914516
0.88891482399445376
0.96118801254019259
1.0536214726309518
1.0814659566531031
1.0193549633564154
0.92462658216666982
0.88460711824244842
0.93632369028486917
1.0324616684096695
1.0848655267067275
1.0455886272582555
0.95097513796957078
0.88824537225300881
0.91530583515999309
1.0075102497325121
1.0803192304223532
1.0670254043368854
0.98008386228578193
0.8996610057761899
0.89992992721929244
0.98087601088008014
1.0683103705625276
1.0820787694843961
1.0097550559703174
0.91806571004163129
0.89154182545527283
0.9548016119842796
1.0499165269306145
1.0896705101759849
1.0377460276824775
0.94211424484541784
0.8909305583045013
0.93148493086787321
1.0267237178402728
1.0893166171192781
1.0619477462489508
0.97001160046903689
0.89826547094914644
0.91290398221051838
1.0007000596581195
1.0811658410082536
1.0805528457280591
0.99965598797347999
0.91308273622477443
0.90065935088022375
0.97403898862804872
1.0659878439729229
1.0921995999881173
1.0288062673437017
0.93432230366781965
0.89584669110077486
0.94898453383687087
1.045111889573562
1.096080397867603
1.0552604762535087
0.96041234336286119
0.89896944809842538
0.92765255997672136
1.0203209552594787
1.0920060778481344
1.0770312379518814
0.98939445784131042
0.90989875477150872
0.91186221960337721
0.99370970223320121
1.0804209973771581
1.0925040753791371
1.0190796877235104
0.92788369799134418
