0.26658019729263027
0.26698005764701371
0.26737991800139715
0.26777977835578065
0.26817963871016409
0.26857949906454753
0.26897935941893097
0.26937921977331442
0.26977908012769786
0.27017894048208135
0.27057880083646479
0.27097866119084824
0.27137852154523168
0.27177838189961512
0.27217824225399861
0.27257810260838206
0.2729779629627655
0.27337782331714894
0.27377768367153238
0.27417754402591582
0.27457740438029932
0.27497726473468276
0.2753771250890662
0.27577698544344964
0.27617684579783308
0.27657670615221652
0.27697656650660002
0.27737642686098346
0.2777762872153669
0.27817614756975034
0.27857600792413378
0.27897586827851728
0.27937572863290072
0.27977558898728416
0.2801754493416676
0.28057530969605105
0.28097517005043449
0.28137503040481798
0.28177489075920142
0.28217475111358487
0.28257461146796831
0.28297447182235175
0.28337433217673519
0.28377419253111869
0.28417405288550213
0.28457391323988557
0.28497377359426901
0.28537363394865245
0.28577349430303589
0.28617335465741939
0.28657321501180283
0.28697307536618627
0.28737293572056971
0.28777279607495315
0.28817265642933665
0.28857251678372009
0.28897237713810353
0.28937223749248697
0.28977209784687041
0.29017195820125385
0.29057181855563735
0.29097167891002079
0.29137153926440423
0.29177139961878767
0.29217125997317112
0.29257112032755456
0.29297098068193805
0.29337084103632149
0.29377070139070494
0.29417056174508838
0.29457042209947182
0.29497028245385531
0.29537014280823876
0.2957700031626222
0.29616986351700564
0.29656972387138908
0.29696958422577252
0.29736944458015602
0.29776930493453946
0.2981691652889229
0.29856902564330634
0.29896888599768978
0.29936874635207322
0.29976860670645672
0.30016846706084016
0.3005683274152236
0.30096818776960704
0.30136804812399048
0.30176790847837393
0.30216776883275742
0.30256762918714086
0.3029674895415243
0.30336734989590775
0.30376721025029119
0.30416707060467468
0.30456693095905812
0.30496679131344157
0.30536665166782501
0.30576651202220845
0.30616637237659189
0.30656623273097539
0.30696609308535883
0.30736595343974227
0.30776581379412571
0.30816567414850915
0.30856553450289259
0.30896539485727609
0.30936525521165953
0.30976511556604297
0.31016497592042641
0.31056483627480985
0.31096469662919329
0.31136455698357679
0.31176441733796023
0.31216427769234367
0.31256413804672711
0.31296399840111055
0.31336385875549405
0.31376371910987749
0.31416357946426093
0.31456343981864437
0.31496330017302782
0.31536316052741126
0.31576302088179475
0.31616288123617819
0.31656274159056164
0.31696260194494508
0.31736246229932852
0.31776232265371196
0.31816218300809546
0.3185620433624789
0.31896190371686234
0.31936176407124578
0.31976162442562922
0.32016148478001272
0.32056134513439616
0.3209612054887796
0.32136106584316304
0.32176092619754648
0.32216078655192992
0.32256064690631342
0.32296050726069686
0.3233603676150803
0.32376022796946374
0.32416008832384718
0.32455994867823063
0.32495980903261412
0.32535966938699756
0.325759529741381
0.32615939009576445
0.32655925045014789
0.32695911080453133
0.32735897115891482
0.32775883151329827
0.32815869186768171
0.32855855222206515
0.32895841257644859
0.32935827293083209
0.32975813328521553
0.33015799363959897
0.33055785399398241
0.33095771434836585
0.33135757470274929
0.33175743505713279
0.33215729541151623
0.33255715576589967
0.33295701612028311
0.33335687647466655
0.33375673682904999
0.33415659718343349
0.33455645753781693
0.33495631789220037
0.33535617824658381
0.33575603860096725
0.33615589895535075
0.33655575930973419
0.33695561966411763
0.33735548001850107
0.33775534037288452
0.33815520072726796
0.33855506108165145
0.33895492143603489
0.33935478179041834
0.33975464214480178
0.34015450249918522
0.34055436285356866
0.34095422320795216
0.3413540835623356
0.34175394391671904
0.34215380427110248
0.34255366462548592
0.34295352497986936
0.34335338533425286
0.3437532456886363
0.34415310604301974
0.34455296639740318
0.34495282675178662
0.34535268710617012
0.34575254746055356
0.346152407814937
0.34655226816932044
0.34695212852370388
0.34735198887808733
0.34775184923247082
0.34815170958685426
0.3485515699412377
0.34895143029562115
0.34935129065000459
0.34975115100438803
0.35015101135877152
0.35055087171315497
0.35095073206753841
0.35135059242192185
0.35175045277630529
0.35215031313068879
0.35255017348507223
0.35295003383945567
0.35334989419383911
0.35374975454822255
0.35414961490260599
0.35454947525698949
0.35494933561137293
0.35534919596575637
0.35574905632013981
0.35614891667452325
0.35654877702890669
0.35694863738329019
0.35734849773767363
0.35774835809205707
0.35814821844644051
0.35854807880082395
0.3589479391552074
0.35934779950959089
0.35974765986397433
0.36014752021835778
0.36054738057274122
0.36094724092712466
0.36134710128150815
0.3617469616358916
0.36214682199027504
0.36254668234465848
0.36294654269904192
0.36334640305342536
0.36374626340780886
0.3641461237621923
0.36454598411657574
0.36494584447095918
0.36534570482534262
0.36574556517972606
0.36614542553410956
0.366545285888493
0.36694514624287644
0.36734500659725988
0.36774486695164332
0.36814472730602682
0.36854458766041026
0.3689444480147937
0.36934430836917714
0.36974416872356058
0.37014402907794403
0.37054388943232752
0.37094374978671096
0.3713436101410944
0.37174347049547785
0.37214333084986129
0.37254319120424473
0.37294305155862822
0.37334291191301167
0.37374277226739511
0.37414263262177855
0.37454249297616199
0.37494235333054543
0.37534221368492893
0.37574207403931237
0.37614193439369581
0.37654179474807925
0.37694165510246269
0.37734151545684619
0.37774137581122963
0.37814123616561307
0.37854109651999651
0.37894095687437995
0.37934081722876339
0.37974067758314689
0.38014053793753033
0.38054039829191377
0.38094025864629721
0.38134011900068066
0.3817399793550641
0.38213983970944759
0.38253970006383103
0.38293956041821448
0.38333942077259792
0.38373928112698136
0.38413914148136485
0.3845390018357483
0.38493886219013174
0.38533872254451518
0.38573858289889862
0.38613844325328206
0.38653830360766556
0.386938163962049
0.38733802431643244
0.38773788467081588
0.38813774502519932
0.38853760537958276
0.38893746573396626
0.3893373260883497
0.38973718644273314
0.39013704679711658
0.39053690715150002
0.39093676750588346
0.39133662786026696
0.3917364882146504
0.39213634856903384
0.39253620892341728
0.39293606927780073
0.39333592963218422
0.39373578998656766
0.3941356503409511
0.39453551069533455
0.39493537104971799
0.39533523140410143
0.39573509175848492
0.39613495211286837
0.39653481246725181
0.39693467282163525
0.39733453317601869
0.39773439353040213
0.39813425388478563
0.39853411423916907
0.39893397459355251
0.39933383494793595
0.39973369530231939
0.40013355565670289
0.40053341601108633
0.40093327636546977
0.40133313671985321
0.40173299707423665
0.40213285742862009
0.40253271778300359
0.40293257813738703
0.40333243849177047
0.40373229884615391
0.40413215920053736
0.4045320195549208
0.40493187990930429
0.40533174026368773
0.40573160061807118
0.40613146097245462
0.40653132132683806
0.4069311816812215
0.407331042035605
0.40773090238998844
0.40813076274437188
0.40853062309875532
0.40893048345313876
0.40933034380752226
0.4097302041619057
0.41013006451628914
0.41052992487067258
0.41092978522505602
0.41132964557943946
0.41172950593382296
0.4121293662882064
0.41252922664258984
0.41292908699697328
0.41332894735135672
0.41372880770574016
0.41412866806012366
0.4145285284145071
0.41492838876889054
0.41532824912327398
0.41572810947765743
0.41612796983204092
0.41652783018642436
0.4169276905408078
0.41732755089519125
0.41772741124957469
0.41812727160395813
0.41852713195834162
0.41892699231272507
0.41932685266710851
0.41972671302149195
0.42012657337587539
0.42052643373025883
0.42092629408464233
0.42132615443902577
0.42172601479340921
0.42212587514779265
0.42252573550217609
0.42292559585655953
0.42332545621094303
0.42372531656532647
0.42412517691970991
0.42452503727409335
0.42492489762847679
0.42532475798286029
0.42572461833724373
0.42612447869162717
0.42652433904601061
0.42692419940039406
0.4273240597547775
0.42772392010916099
0.42812378046354443
0.42852364081792788
0.42892350117231132
0.42932336152669476
0.4297232218810782
0.4301230822354617
0.43052294258984514
0.43092280294422858
0.43132266329861202
0.43172252365299546
0.4321223840073789
0.4325222443617624
0.43292210471614584
0.43332196507052928
0.43372182542491272
0.43412168577929616
0.43452154613367966
0.4349214064880631
0.43532126684244654
0.43572112719682998
0.43612098755121342
0.43652084790559686
0.43692070825998036
0.4373205686143638
0.43772042896874724
0.43812028932313068
0.43852014967751413
0.43892001003189757
0.43931987038628106
0.43971973074066451
0.44011959109504795
0.44051945144943139
0.44091931180381483
0.44131917215819833
0.44171903251258177
0.44211889286696521
0.44251875322134865
0.44291861357573209
0.44331847393011553
0.44371833428449903
0.44411819463888247
0.44451805499326591
0.44491791534764935
0.44531777570203279
0.44571763605641623
0.44611749641079973
0.44651735676518317
0.44691721711956661
0.44731707747395005
0.44771693782833349
0.44811679818271694
0.44851665853710043
0.44891651889148387
0.44931637924586731
0.44971623960025076
0.4501160999546342
0.45051596030901769
0.45091582066340113
0.45131568101778458
0.45171554137216802
0.45211540172655146
0.4525152620809349
0.4529151224353184
0.45331498278970184
0.45371484314408528
0.45411470349846872
0.45451456385285216
0.4549144242072356
0.4553142845616191
0.45571414491600254
0.45611400527038598
0.45651386562476942
0.45691372597915286
0.45731358633353636
0.4577134466879198
0.45811330704230324
0.45851316739668668
0.45891302775107012
0.45931288810545357
0.45971274845983706
0.4601126088142205
0.46051246916860394
0.46091232952298739
0.46131218987737083
0.46171205023175427
0.46211191058613776
0.46251177094052121
0.46291163129490465
0.46331149164928809
0.46371135200367153
0.46411121235805497
0.46451107271243847
0.46491093306682191
0.46531079342120535
0.46571065377558879
0.46611051412997223
0.46651037448435573
0.46691023483873917
0.46731009519312261
0.46770995554750605
0.46810981590188949
0.46850967625627293
0.46890953661065643
0.46930939696503987
0.46970925731942331
0.47010911767380675
0.47050897802819019
0.47090883838257364
0.47130869873695713
0.47170855909134057
0.47210841944572401
0.47250827980010746
0.4729081401544909
0.47330800050887439
0.47370786086325783
0.47410772121764128
0.47450758157202472
0.47490744192640816
0.4753073022807916
0.4757071626351751
0.47610702298955854
0.47650688334394198
0.47690674369832542
0.47730660405270886
0.4777064644070923
0.4781063247614758
0.47850618511585924
0.47890604547024268
0.47930590582462612
0.47970576617900956
0.480105626533393
0.4805054868877765
0.48090534724215994
0.48130520759654338
0.48170506795092682
0.48210492830531027
0.48250478865969376
0.4829046490140772
0.48330450936846064
0.48370436972284409
0.48410423007722753
0.48450409043161097
0.48490395078599446
0.48530381114037791
0.48570367149476135
0.48610353184914479
0.48650339220352823
0.48690325255791167
0.48730311291229517
0.48770297326667861
0.48810283362106205
0.48850269397544549
0.48890255432982893
0.48930241468421243
0.48970227503859587
0.49010213539297931
0.49050199574736275
0.49090185610174619
0.49130171645612963
0.49170157681051313
0.49210143716489657
0.49250129751928001
0.49290115787366345
0.49330101822804689
0.49370087858243034
0.49410073893681383
0.49450059929119727
0.49490045964558071
0.49530031999996416
0.4957001803543476
0.49610004070873104
0.49649990106311453
0.49689976141749798
0.49729962177188142
0.49769948212626486
0.4980993424806483
0.4984992028350318
0.49889906318941524
0.49929892354379868
0.49969878389818212
0.50009864425256556
0.500498504606949
0.50089836496133244
0.50129822531571588
0.50169808567009933
0.50209794602448288
0.50249780637886632
0.50289766673324976
0.5032975270876332
0.50369738744201664
0.50409724779640008
0.50449710815078352
0.50489696850516697
0.50529682885955041
0.50569668921393385
0.50609654956831729
0.50649640992270084
0.50689627027708428
0.50729613063146772
0.50769599098585116
0.50809585134023461
0.50849571169461805
0.50889557204900149
0.50929543240338493
0.50969529275776837
0.51009515311215181
0.51049501346653525
0.51089487382091869
0.51129473417530225
0.51169459452968569
0.51209445488406913
0.51249431523845257
0.51289417559283601
0.51329403594721945
0.51369389630160289
0.51409375665598633
0.51449361701036977
0.51489347736475322
0.51529333771913666
0.51569319807352021
0.51609305842790365
0.51649291878228709
0.51689277913667053
0.51729263949105397
0.51769249984543741
0.51809236019982086
0.5184922205542043
0.51889208090858774
0.51929194126297118
0.51969180161735462
0.52009166197173806
0.52049152232612161
0.52089138268050506
0.5212912430348885
0.52169110338927194
0.52209096374365538
0.52249082409803882
0.52289068445242226
0.5232905448068057
0.52369040516118914
0.52409026551557258
0.52449012586995603
0.52488998622433958
0.52528984657872302
0.52568970693310646
0.5260895672874899
0.52648942764187334
0.52688928799625678
0.52728914835064022
0.52768900870502367
0.52808886905940711
0.52848872941379055
0.52888858976817399
0.52928845012255754
0.52968831047694098
0.53008817083132442
0.53048803118570786
0.53088789154009131
0.53128775189447475
0.53168761224885819
0.53208747260324163
0.53248733295762507
0.53288719331200851
0.53328705366639195
0.53368691402077539
0.53408677437515895
0.53448663472954239
0.53488649508392583
0.53528635543830927
0.53568621579269271
0.53608607614707615
0.53648593650145959
0.53688579685584303
0.53728565721022647
0.53768551756460992
0.53808537791899336
0.53848523827337691
0.53888509862776035
0.53928495898214379
0.53968481933652723
0.54008467969091067
0.54048454004529412
0.54088440039967756
0.541284260754061
0.54168412110844444
0.54208398146282788
0.54248384181721132
0.54288370217159476
0.54328356252597831
0.54368342288036176
0.5440832832347452
0.54448314358912864
0.54488300394351208
0.54528286429789552
0.54568272465227896
0.5460825850066624
0.54648244536104584
0.54688230571542928
0.54728216606981273
0.54768202642419628
0.54808188677857972
0.54848174713296316
0.5488816074873466
0.54928146784173004
0.54968132819611348
0.55008118855049692
0.55048104890488037
0.55088090925926381
0.55128076961364725
0.55168062996803069
0.55208049032241413
0.55248035067679768
0.55288021103118112
0.55328007138556456
0.55367993173994801
0.55407979209433145
0.55447965244871489
0.55487951280309833
0.55527937315748177
0.55567923351186521
0.55607909386624865
0.55647895422063209
0.55687881457501565
0.55727867492939909
0.55767853528378253
0.55807839563816597
0.55847825599254941
0.55887811634693285
0.55927797670131629
0.55967783705569973
0.56007769741008318
0.56047755776446662
0.56087741811885006
0.5612772784732335
0.56167713882761705
0.56207699918200049
0.56247685953638393
0.56287671989076737
0.56327658024515082
0.56367644059953426
0.5640763009539177
0.56447616130830114
0.56487602166268458
0.56527588201706802
0.56567574237145146
0.56607560272583501
0.56647546308021846
0.5668753234346019
0.56727518378898534
0.56767504414336878
0.56807490449775222
0.56847476485213566
0.5688746252065191
0.56927448556090254
0.56967434591528598
0.57007420626966943
0.57047406662405298
0.57087392697843642
0.57127378733281986
0.5716736476872033
0.57207350804158674
0.57247336839597018
0.57287322875035362
0.57327308910473707
0.57367294945912051
0.57407280981350395
0.57447267016788739
0.57487253052227083
0.57527239087665438
0.57567225123103782
0.57607211158542126
0.57647197193980471
0.57687183229418815
0.57727169264857159
0.57767155300295503
0.57807141335733847
0.57847127371172191
0.57887113406610535
0.57927099442048879
0.57967085477487235
0.58007071512925579
0.58047057548363923
0.58087043583802267
0.58127029619240611
0.58167015654678955
0.58207001690117299
0.58246987725555643
0.58286973760993988
0.58326959796432332
0.58366945831870676
0.5840693186730902
0.58446917902747375
0.58486903938185719
0.58526889973624063
0.58566876009062407
0.58606862044500752
0.58646848079939096
0.5868683411537744
0.58726820150815784
0.58766806186254128
0.58806792221692472
0.58846778257130816
0.58886764292569171
0.58926750328007516
0.5896673636344586
0.59006722398884204
0.59046708434322548
0.59086694469760892
0.59126680505199236
0.5916666654063758
0.59206652576075924
0.59246638611514268
0.59286624646952613
0.59326610682390957
0.59366596717829312
0.59406582753267656
0.59446568788706
0.59486554824144344
0.59526540859582688
0.59566526895021032
0.59606512930459377
0.59646498965897721
0.59686485001336065
0.59726471036774409
0.59766457072212753
0.59806443107651108
0.59846429143089452
0.59886415178527796
0.59926401213966141
0.59966387249404485
0.60006373284842829
0.60046359320281173
0.60086345355719517
0.60126331391157861
0.60166317426596205
0.60206303462034549
0.60246289497472905
0.60286275532911249
0.60326261568349593
0.60366247603787937
0.60406233639226281
0.60446219674664625
0.60486205710102969
0.60526191745541313
0.60566177780979658
0.60606163816418002
0.60646149851856346
0.6068613588729469
0.60726121922733045
0.60766107958171389
0.60806093993609733
0.60846080029048077
0.60886066064486422
0.60926052099924766
0.6096603813536311
0.61006024170801454
0.61046010206239798
0.61085996241678142
0.61125982277116486
0.61165968312554841
0.61205954347993186
0.6124594038343153
0.61285926418869874
0.61325912454308218
0.61365898489746562
0.61405884525184906
0.6144587056062325
0.61485856596061594
0.61525842631499938
0.61565828666938283
0.61605814702376627
0.61645800737814982
0.61685786773253326
0.6172577280869167
0.61765758844130014
0.61805744879568358
0.61845730915006702
0.61885716950445047
0.61925702985883391
0.61965689021321735
0.62005675056760079
0.62045661092198423
0.62085647127636778
0.62125633163075122
0.62165619198513467
0.62205605233951811
0.62245591269390155
0.62285577304828499
0.62325563340266843
0.62365549375705187
0.62405535411143531
0.62445521446581875
0.62485507482020219
0.62525493517458564
0.62565479552896919
0.62605465588335263
0.62645451623773607
0.62685437659211951
0.62725423694650295
0.62765409730088639
0.62805395765526983
0.62845381800965328
0.62885367836403672
0.62925353871842016
0.6296533990728036
0.63005325942718715
0.63045311978157059
0.63085298013595403
0.63125284049033747
0.63165270084472092
0.63205256119910436
0.6324524215534878
0.63285228190787124
0.63325214226225468
0.63365200261663812
0.63405186297102156
0.63445172332540511
0.63485158367978856
0.635251444034172
0.63565130438855544
0.63605116474293888
0.63645102509732232
0.63685088545170576
0.6372507458060892
0.63765060616047264
0.63805046651485608
0.63845032686923953
0.63885018722362297
0.63925004757800652
0.63964990793238996
0.6400497682867734
0.64044962864115684
0.64084948899554028
0.64124934934992373
0.64164920970430717
0.64204907005869061
0.64244893041307405
0.64284879076745749
0.64324865112184093
0.64364851147622448
0.64404837183060792
0.64444823218499137
0.64484809253937481
0.64524795289375825
0.64564781324814169
0.64604767360252513
0.64644753395690857
0.64684739431129201
0.64724725466567545
0.64764711502005889
0.64804697537444234
0.64844683572882589
0.64884669608320933
0.64924655643759277
0.64964641679197621
0.65004627714635965
0.65044613750074309
0.65084599785512653
0.65124585820950998
0.65164571856389342
0.65204557891827686
0.6524454392726603
0.65284529962704385
0.65324515998142729
0.65364502033581073
0.65404488069019417
0.65444474104457762
0.65484460139896106
0.6552444617533445
0.65564432210772794
0.65604418246211138
0.65644404281649482
0.65684390317087826
0.6572437635252617
0.65764362387964526
0.6580434842340287
0.65844334458841214
0.65884320494279558
0.65924306529717902
0.65964292565156246
0.6600427860059459
0.66044264636032934
0.66084250671471279
0.66124236706909623
0.66164222742347967
0.66204208777786322
0.66244194813224666
0.6628418084866301
0.66324166884101354
0.66364152919539698
0.66404138954978043
0.66444124990416387
0.66484111025854731
0.66524097061293075
0.66564083096731419
0.66604069132169763
0.66644055167608118
0.66684041203046462
0.66724027238484807
0.66764013273923151
0.66803999309361495
0.66843985344799839
0.66883971380238183
0.66923957415676527
0.66963943451114871
0.67003929486553215
0.67043915521991559
0.67083901557429904
0.67123887592868259
0.67163873628306603
0.67203859663744947
0.67243845699183291
0.67283831734621635
0.67323817770059979
0.67363803805498323
0.67403789840936668
0.67443775876375012
0.67483761911813356
0.675237479472517
0.67563733982690055
0.67603720018128399
0.67643706053566743
0.67683692089005087
0.67723678124443432
0.67763664159881776
0.6780365019532012
0.67843636230758464
0.67883622266196808
0.67923608301635152
0.67963594337073496
0.6800358037251184
0.68043566407950196
0.6808355244338854
0.68123538478826884
0.68163524514265228
0.68203510549703572
0.68243496585141916
0.6828348262058026
0.68323468656018604
0.68363454691456949
0.68403440726895293
0.68443426762333637
0.68483412797771992
0.68523398833210336
0.6856338486864868
0.68603370904087024
0.68643356939525368
0.68683342974963713
0.68723329010402057
0.68763315045840401
0.68803301081278745
0.68843287116717089
0.68883273152155433
0.68923259187593777
0.68963245223032132
0.69003231258470477
0.69043217293908821
0.69083203329347165
0.69123189364785509
0.69163175400223853
0.69203161435662197
0.69243147471100541
0.69283133506538885
0.69323119541977229
0.69363105577415574
0.69403091612853929
0.69443077648292273
0.69483063683730617
0.69523049719168961
0.69563035754607305
0.69603021790045649
0.69643007825483993
0.69682993860922338
0.69722979896360682
0.69762965931799026
0.6980295196723737
0.69842938002675714
0.69882924038114069
0.69922910073552413
0.69962896108990758
0.70002882144429102
0.70042868179867446
0.7008285421530579
0.70122840250744134
0.70162826286182478
0.70202812321620822
0.70242798357059166
0.7028278439249751
0.70322770427935866
0.7036275646337421
0.70402742498812554
0.70442728534250898
0.70482714569689242
0.70522700605127586
0.7056268664056593
0.70602672676004274
0.70642658711442619
0.70682644746880963
0.70722630782319307
0.70762616817757662
0.70802602853196006
0.7084258888863435
0.70882574924072694
0.70922560959511038
0.70962546994949383
0.71002533030387727
0.71042519065826071
0.71082505101264415
0.71122491136702759
0.71162477172141103
0.71202463207579447
0.71242449243017802
0.71282435278456147
0.71322421313894491
0.71362407349332835
0.71402393384771179
0.71442379420209523
0.71482365455647867
0.71522351491086211
0.71562337526524555
0.71602323561962899
0.71642309597401244
0.71682295632839599
0.71722281668277943
0.71762267703716287
0.71802253739154631
0.71842239774592975
0.71882225810031319
0.71922211845469664
0.71962197880908008
0.72002183916346352
0.72042169951784696
0.7208215598722304
0.72122142022661384
0.72162128058099739
0.72202114093538083
0.72242100128976428
0.72282086164414772
0.72322072199853116
0.7236205823529146
0.72402044270729804
0.72442030306168148
0.72482016341606492
0.72522002377044836
0.7256198841248318
0.72601974447921536
0.7264196048335988
0.72681946518798224
0.72721932554236568
0.72761918589674912
0.72801904625113256
0.728418906605516
0.72881876695989944
0.72921862731428289
0.72961848766866633
0.73001834802304977
0.73041820837743321
0.73081806873181676
0.7312179290862002
0.73161778944058364
0.73201764979496708
0.73241751014935053
0.73281737050373397
0.73321723085811741
0.73361709121250085
0.73401695156688429
0.73441681192126773
0.73481667227565117
0.73521653263003472
0.73561639298441817
0.73601625333880161
0.73641611369318505
0.73681597404756849
0.73721583440195193
0.73761569475633537
0.73801555511071881
0.73841541546510225
0.7388152758194857
0.73921513617386914
0.73961499652825269
0.74001485688263613
0.74041471723701957
0.74081457759140301
0.74121443794578645
0.74161429830016989
0.74201415865455334
0.74241401900893678
0.74281387936332022
0.74321373971770366
0.7436136000720871
0.74401346042647054
0.74441332078085409
0.74481318113523753
0.74521304148962098
0.74561290184400442
0.74601276219838786
0.7464126225527713
0.74681248290715474
0.74721234326153818
0.74761220361592162
0.74801206397030506
0.7484119243246885
0.74881178467907206
0.7492116450334555
0.74961150538783894
0.75001136574222238
0.75041122609660582
0.75081108645098926
0.7512109468053727
0.75161080715975614
0.75201066751413959
0.75241052786852303
0.75281038822290647
0.75321024857728991
0.75361010893167346
0.7540099692860569
0.75440982964044034
0.75480968999482378
0.75520955034920723
0.75560941070359067
0.75600927105797411
0.75640913141235755
0.75680899176674099
0.75720885212112443
0.75760871247550787
0.75800857282989142
0.75840843318427487
0.75880829353865831
0.75920815389304175
0.75960801424742519
0.76000787460180863
0.76040773495619207
0.76080759531057551
0.76120745566495895
0.7616073160193424
0.76200717637372584
0.76240703672810928
0.76280689708249283
0.76320675743687627
0.76360661779125971
0.76400647814564315
0.76440633850002659
0.76480619885441004
0.76520605920879348
0.76560591956317692
0.76600577991756036
0.7664056402719438
0.76680550062632724
0.76720536098071079
0.76760522133509423
0.76800508168947768
0.76840494204386112
0.76880480239824456
0.769204662752628
0.76960452310701144
0.77000438346139488
0.77040424381577832
0.77080410417016176
0.7712039645245452
0.77160382487892876
0.7720036852333122
0.77240354558769564
0.77280340594207908
0.77320326629646252
0.77360312665084596
0.7740029870052294
0.77440284735961284
0.77480270771399629
0.77520256806837973
0.77560242842276317
0.77600228877714661
0.77640214913153016
0.7768020094859136
0.77720186984029704
0.77760173019468048
0.77800159054906393
0.77840145090344737
0.77880131125783081
0.77920117161221425
0.77960103196659769
0.78000089232098113
0.78040075267536457
0.78080061302974813
0.78120047338413157
0.78160033373851501
0.78200019409289845
0.78240005444728189
0.78279991480166533
0.78319977515604877
0.78359963551043221
0.78399949586481565
0.7843993562191991
0.78479921657358254
0.78519907692796598
0.78559893728234953
0.78599879763673297
0.78639865799111641
0.78679851834549985
0.78719837869988329
0.78759823905426674
0.78799809940865018
0.78839795976303362
0.78879782011741706
0.7891976804718005
0.78959754082618394
0.78999740118056749
0.79039726153495093
0.79079712188933438
0.79119698224371782
0.79159684259810126
0.7919967029524847
0.79239656330686814
0.79279642366125158
0.79319628401563502
0.79359614437001846
0.7939960047244019
0.79439586507878535
0.7947957254331689
0.79519558578755234
0.79559544614193578
0.79599530649631922
0.79639516685070266
0.7967950272050861
0.79719488755946954
0.79759474791385299
0.79799460826823643
0.79839446862261987
0.79879432897700331
0.79919418933138686
0.7995940496857703
0.79999391004015374
0.80039377039453719
0.80079363074892063
0.80119349110330407
0.80159335145768751
0.80199321181207095
0.80239307216645439
0.80279293252083783
0.80319279287522127
0.80359265322960483
0.80399251358398827
0.80439237393837171
0.80479223429275515
0.80519209464713859
0.80559195500152203
0.80599181535590547
0.80639167571028891
0.80679153606467235
0.8071913964190558
0.80759125677343924
0.80799111712782268
0.80839097748220623
0.80879083783658967
0.80919069819097311
0.80959055854535655
0.80999041889973999
0.81039027925412344
0.81079013960850688
0.81118999996289032
0.81158986031727376
0.8119897206716572
0.81238958102604064
0.81278944138042419
0.81318930173480763
0.81358916208919108
0.81398902244357452
0.81438888279795796
0.8147887431523414
0.81518860350672484
0.81558846386110828
0.81598832421549172
0.81638818456987516
0.8167880449242586
0.81718790527864205
0.8175877656330256
0.81798762598740904
0.81838748634179248
0.81878734669617592
0.81918720705055936
0.8195870674049428
0.81998692775932625
0.82038678811370969
0.82078664846809313
0.82118650882247657
0.82158636917686001
0.82198622953124356
0.822386089885627
0.82278595024001044
0.82318581059439389
0.82358567094877733
0.82398553130316077
0.82438539165754421
0.82478525201192765
0.82518511236631109
0.82558497272069453
0.82598483307507797
0.82638469342946141
0.82678455378384497
0.82718441413822841
0.82758427449261185
0.82798413484699529
0.82838399520137873
0.82878385555576217
0.82918371591014561
0.82958357626452905
0.8299834366189125
0.83038329697329594
0.83078315732767938
0.83118301768206293
0.83158287803644637
0.83198273839082981
0.83238259874521325
0.83278245909959669
0.83318231945398014
0.83358217980836358
0.83398204016274702
0.83438190051713046
0.8347817608715139
0.83518162122589734
0.83558148158028078
0.83598134193466433
0.83638120228904778
0.83678106264343122
0.83718092299781466
0.8375807833521981
0.83798064370658154
0.83838050406096498
0.83878036441534842
0.83918022476973186
0.83958008512411531
0.83997994547849875
0.8403798058328823
0.84077966618726574
0.84117952654164918
0.84157938689603262
0.84197924725041606
0.8423791076047995
0.84277896795918295
0.84317882831356639
0.84357868866794983
0.84397854902233327
0.84437840937671671
0.84477826973110026
0.8451781300854837
0.84557799043986714
0.84597785079425059
0.84637771114863403
0.84677757150301747
0.84717743185740091
0.84757729221178435
0.84797715256616779
0.84837701292055123
0.84877687327493467
0.84917673362931811
0.84957659398370167
0.84997645433808511
0.85037631469246855
0.85077617504685199
0.85117603540123543
0.85157589575561887
0.85197575611000231
0.85237561646438575
0.8527754768187692
0.85317533717315264
0.85357519752753608
0.85397505788191963
0.85437491823630307
0.85477477859068651
0.85517463894506995
0.85557449929945339
0.85597435965383684
0.85637422000822028
0.85677408036260372
0.85717394071698716
0.8575738010713706
0.85797366142575404
0.85837352178013748
0.85877338213452103
0.85917324248890448
0.85957310284328792
0.85997296319767136
0.8603728235520548
0.86077268390643824
0.86117254426082168
0.86157240461520512
0.86197226496958856
0.86237212532397201
0.86277198567835545
0.863171846032739
0.86357170638712244
0.86397156674150588
0.86437142709588932
0.86477128745027276
0.8651711478046562
0.86557100815903965
0.86597086851342309
0.86637072886780653
0.86677058922218997
0.86717044957657341
0.86757030993095685
0.8679701702853404
0.86837003063972384
0.86876989099410729
0.86916975134849073
0.86956961170287417
0.86996947205725761
0.87036933241164105
0.87076919276602449
0.87116905312040793
0.87156891347479137
0.87196877382917481
0.87236863418355837
0.87276849453794181
0.87316835489232525
0.87356821524670869
0.87396807560109213
0.87436793595547557
0.87476779630985901
0.87516765666424245
0.8755675170186259
0.87596737737300934
0.87636723772739278
0.87676709808177633
0.87716695843615977
0.87756681879054321
0.87796667914492665
0.87836653949931009
0.87876639985369354
0.87916626020807698
0.87956612056246042
0.87996598091684386
0.8803658412712273
0.88076570162561074
0.88116556197999418
0.88156542233437774
0.88196528268876118
0.88236514304314462
0.88276500339752806
0.8831648637519115
0.88356472410629494
0.88396458446067838
0.88436444481506182
0.88476430516944526
0.88516416552382871
0.88556402587821215
0.8859638862325957
0.88636374658697914
0.88676360694136258
0.88716346729574602
0.88756332765012946
0.8879631880045129
0.88836304835889635
0.88876290871327979
0.88916276906766323
0.88956262942204667
0.88996248977643011
0.89036235013081355
0.8907622104851971
0.89116207083958054
0.89156193119396399
0.89196179154834743
0.89236165190273087
0.89276151225711431
0.89316137261149775
0.89356123296588119
0.89396109332026463
0.89436095367464807
0.89476081402903151
0.89516067438341507
0.89556053473779851
0.89596039509218195
0.89636025544656539
0.89676011580094883
0.89715997615533227
0.89755983650971571
0.89795969686409916
0.8983595572184826
0.89875941757286604
0.89915927792724948
0.89955913828163292
0.89995899863601647
0.90035885899039991
0.90075871934478335
0.9011585796991668
0.90155844005355024
0.90195830040793368
0.90235816076231712
0.90275802111670056
0.903157881471084
0.90355774182546744
0.90395760217985088
0.90435746253423444
0.90475732288861788
0.90515718324300132
0.90555704359738476
0.9059569039517682
0.90635676430615164
0.90675662466053508
0.90715648501491852
0.90755634536930196
0.90795620572368541
0.90835606607806885
0.9087559264324524
0.90915578678683584
0.90955564714121928
0.90995550749560272
0.91035536784998616
0.9107552282043696
0.91115508855875305
0.91155494891313649
0.91195480926751993
0.91235466962190337
0.91275452997628681
0.91315439033067025
0.9135542506850538
0.91395411103943724
0.91435397139382069
0.91475383174820413
0.91515369210258757
0.91555355245697101
0.91595341281135445
0.91635327316573789
0.91675313352012133
0.91715299387450477
0.91755285422888822
0.91795271458327177
0.91835257493765521
0.91875243529203865
0.91915229564642209
0.91955215600080553
0.91995201635518897
0.92035187670957241
0.92075173706395586
0.9211515974183393
0.92155145777272274
0.92195131812710618
0.92235117848148962
0.92275103883587317
0.92315089919025661
0.92355075954464005
0.9239506198990235
0.92435048025340694
0.92475034060779038
0.92515020096217382
0.92555006131655726
0.9259499216709407
0.92634978202532414
0.92674964237970758
0.92714950273409114
0.92754936308847458
0.92794922344285802
0.92834908379724146
0.9287489441516249
0.92914880450600834
0.92954866486039178
0.92994852521477522
0.93034838556915866
0.93074824592354211
0.93114810627792555
0.93154796663230899
0.93194782698669254
0.93234768734107598
0.93274754769545942
0.93314740804984286
0.9335472684042263
0.93394712875860975
0.93434698911299319
0.93474684946737663
0.93514670982176007
0.93554657017614351
0.93594643053052695
0.9363462908849105
0.93674615123929394
0.93714601159367739
0.93754587194806083
0.93794573230244427
0.93834559265682771
0.93874545301121115
0.93914531336559459
0.93954517371997803
0.93994503407436147
0.94034489442874492
0.94074475478312847
0.94114461513751191
0.94154447549189535
0.94194433584627879
0.94234419620066223
0.94274405655504567
0.94314391690942911
0.94354377726381256
0.943943637618196
0.94434349797257944
0.94474335832696288
0.94514321868134632
0.94554307903572987
0.94594293939011331
0.94634279974449675
0.9467426600988802
0.94714252045326364
0.94754238080764708
0.94794224116203052
0.94834210151641396
0.9487419618707974
0.94914182222518084
0.94954168257956428
0.94994154293394784
0.95034140328833128
0.95074126364271472
0.95114112399709816
0.9515409843514816
0.95194084470586504
0.95234070506024848
0.95274056541463192
0.95314042576901536
0.95354028612339881
0.95394014647778225
0.95434000683216569
0.95473986718654924
0.95513972754093268
0.95553958789531612
0.95593944824969956
0.956339308604083
0.95673916895846645
0.95713902931284989
0.95753888966723333
0.95793875002161677
0.95833861037600021
0.95873847073038365
0.9591383310847672
0.95953819143915065
0.95993805179353409
0.96033791214791753
0.96073777250230097
0.96113763285668441
0.96153749321106785
0.96193735356545129
0.96233721391983473
0.96273707427421817
0.96313693462860162
0.96353679498298506
0.96393665533736861
0.96433651569175205
0.96473637604613549
0.96513623640051893
0.96553609675490237
0.96593595710928581
0.96633581746366926
0.9667356778180527
0.96713553817243614
0.96753539852681958
0.96793525888120302
0.96833511923558657
0.96873497958997001
0.96913483994435345
0.9695347002987369
0.96993456065312034
0.97033442100750378
0.97073428136188722
0.97113414171627066
0.9715340020706541
0.97193386242503754
0.97233372277942098
0.97273358313380442
0.97313344348818798
0.97353330384257142
0.97393316419695486
0.9743330245513383
0.97473288490572174
0.97513274526010518
0.97553260561448862
0.97593246596887206
0.97633232632325551
0.97673218667763895
0.97713204703202239
0.97753190738640594
0.97793176774078938
0.97833162809517282
0.97873148844955626
0.97913134880393971
0.97953120915832315
0.97993106951270659
0.98033092986709003
0.98073079022147347
0.98113065057585691
0.98153051093024035
0.9819303712846239
0.98233023163900735
0.98273009199339079
0.98312995234777423
0.98352981270215767
0.98392967305654111
0.98432953341092455
0.98472939376530799
0.98512925411969143
0.98552911447407487
0.98592897482845832
0.98632883518284176
0.98672869553722531
0.98712855589160875
0.98752841624599219
0.98792827660037563
0.98832813695475907
0.98872799730914251
0.98912785766352596
0.9895277180179094
0.98992757837229284
0.99032743872667628
0.99072729908105972
0.99112715943544327
0.99152701978982671
0.99192688014421015
0.9923267404985936
0.99272660085297704
0.99312646120736048
0.99352632156174392
0.99392618191612736
0.9943260422705108
0.99472590262489424
0.99512576297927768
0.99552562333366112
0.99592548368804468
0.99632534404242812
0.99672520439681156
0.997125064751195
0.99752492510557844
0.99792478545996188
0.99832464581434532
0.99872450616872877
0.99912436652311221
0.99952422687749565
0.99992408723187909
1.0003239475862626
1.000723807940646
1.0011236682950295
1.0015235286494129
1.0019233890037964
1.0023232493581797
1.0027231097125633
1.0031229700669468
1.0035228304213302
1.0039226907757137
1.0043225511300971
1.0047224114844806
1.0051222718388639
1.0055221321932475
1.0059219925476308
1.0063218529020144
1.0067217132563977
1.0071215736107813
1.0075214339651648
1.0079212943195481
1.0083211546739317
1.008721015028315
1.0091208753826986
1.0095207357370819
1.0099205960914655
1.0103204564458488
1.0107203168002323
1.0111201771546157
1.0115200375089992
1.0119198978633828
1.0123197582177661
1.0127196185721496
1.013119478926533
1.0135193392809165
1.0139191996352999
1.0143190599896834
1.0147189203440667
1.0151187806984503
1.0155186410528336
1.0159185014072172
1.0163183617616007
1.0167182221159841
1.0171180824703676
1.0175179428247509
1.0179178031791345
1.0183176635335178
1.0187175238879014
1.0191173842422847
1.0195172445966683
1.0199171049510516
1.0203169653054351
1.0207168256598185
1.021116686014202
1.0215165463685856
1.0219164067229689
1.0223162670773525
1.0227161274317358
1.0231159877861193
1.0235158481405027
1.0239157084948862
1.0243155688492696
1.0247154292036531
1.0251152895580364
1.02551514991242
1.0259150102668035
1.0263148706211869
1.0267147309755704
1.0271145913299538
1.0275144516843373
1.0279143120387206
1.0283141723931042
1.0287140327474875
1.0291138931018711
1.0295137534562544
1.029913613810638
1.0303134741650215
1.0307133345194048
1.0311131948737884
1.0315130552281717
1.0319129155825553
1.0323127759369386
1.0327126362913222
1.0331124966457055
1.033512357000089
1.0339122173544724
1.0343120777088559
1.0347119380632395
1.0351117984176228
1.0355116587720063
1.0359115191263897
1.0363113794807732
1.0367112398351566
1.0371111001895401
1.0375109605439234
1.037910820898307
1.0383106812526903
1.0387105416070739
1.0391104019614574
1.0395102623158408
1.0399101226702243
1.0403099830246076
1.0407098433789912
1.0411097037333745
1.0415095640877581
1.0419094244421414
1.042309284796525
1.0427091451509083
1.0431090055052918
1.0435088658596752
1.0439087262140587
1.0443085865684423
1.0447084469228256
1.0451083072772092
1.0455081676315925
1.045908027985976
1.0463078883403594
1.0467077486947429
1.0471076090491263
1.0475074694035098
1.0479073297578931
1.0483071901122767
1.0487070504666602
1.0491069108210436
1.0495067711754271
1.0499066315298105
1.050306491884194
1.0507063522385773
1.0511062125929609
1.0515060729473442
1.0519059333017278
1.0523057936561111
1.0527056540104947
1.0531055143648782
1.0535053747192615
1.0539052350736451
1.0543050954280284
1.054704955782412
1.0551048161367953
1.0555046764911789
1.0559045368455622
1.0563043971999457
1.0567042575543291
1.0571041179087126
1.0575039782630962
1.0579038386174795
1.058303698971863
1.0587035593262464
1.0591034196806299
1.0595032800350133
1.0599031403893968
1.0603030007437801
1.0607028610981637
1.061102721452547
1.0615025818069306
1.0619024421613139
1.0623023025156975
1.062702162870081
1.0631020232244643
1.0635018835788479
1.0639017439332312
1.0643016042876148
1.0647014646419981
1.0651013249963817
1.065501185350765
1.0659010457051485
1.0663009060595319
1.0667007664139154
