0.326804477299495355
0.341098759011756847
0.3484033535620919
0.318647934700667657
0.348337039420785033
0.341141848944615578
0.320162649942636157
0.280505737665986188
0.326609423383305286
0.324722936772768755
0.339475335501023934
0.333106591895014736
0.3025226506860072
0.341427913675071748
0.314994389532212982
0.340589887522301127
0.320845406763268448
0.339328775052494591
0.319477811511088228
0.332956536801537306
0.366719370384893661
0.308965913120011704
0.328550447992867478
0.321750706311400736
0.345276825651697594
0.331424971961993831
0.346333245247301191
0.309712841780795167
0.356909022758065186
0.352370888199464716
0.34294552629992342
0.341074274242741282
0.304560131327032635
0.362590297333631961
0.311745974278595572
0.304558094506094834
0.325537899682859289
0.325364596111609117
0.333144485347124097
0.332202777106876568
0.31110988784291066
0.346905094773404421
0.353675875487035607
0.298339677426109284
0.312210236037833211
0.357020463287130441
0.329083481931688737
0.339550409153578148
0.347943638364591246
0.274075417730924031
0.317559062549140347
0.319487303469312256
0.294831635052251406
0.333723511047613108
0.31356913983079876
0.318919953883822049
0.309832002738322898
0.319742023790784868
0.345872992339093355
0.327511613566979498
0.335212297943559168
0.312869325989545199
0.299956004476069849
0.358463108755594562
0.314985099410206359
0.328657173851204354
0.336982528589501729
0.327706840867710014
0.305460418089245622
0.305394067221781362
0.3251631017030292
0.309831931886021372
0.296473264790679147
0.345217095691974118
0.326452851848324399
0.288475178640369645
0.365699507919505673
0.324075675830171439
0.310613658378124657
0.299824013787164334
0.313137326486313095
0.356323049996831398
0.312525979232559037
0.358255360051760618
0.34416684526752106
0.315385055956822369
0.28486610194283013
0.310880452196528212
0.317817158720685666
0.307472244063950795
0.313241466368829435
0.321492910907450136
0.318426007649849241
0.289156818036797769
0.276045913609888394
0.35406630548296425
0.318726619766665442
0.311913088756145152
0.302470914655838141
0.347929276698086098
0.32119693849729225
0.316247568958734238
0.332973919054079137
0.295994779505844019
0.312669048177505626
0.34030487591383729
0.321126817633874795
0.32399163334517217
0.335899746009363509
0.363371881382720696
0.336301123454910644
0.292259639053892684
0.292966671227157915
0.295525584827745602
0.3334810745146366
0.309638769383965284
0.3385085404089484
0.318634933601789516
0.356624999534563336
0.314841708501114037
0.307498568955587193
0.308364722939030833
0.298789774950881548
0.300383256754217232
0.334479594635836319
0.307532267035762863
0.306321953436980043
0.297662229190260641
0.287034873060110385
0.296522737243086587
0.27605970312220568
0.292248686711132521
0.332391497317413132
0.343184871170957695
0.352657352684305148
0.285911520398652808
0.312100527214975609
0.316192722312305441
0.347858789985379169
0.270042734343032054
0.275355679230240957
0.283845824817636927
0.285861488883303261
0.288451446057941041
0.252062178566714812
0.313636472967203872
0.305624364028103779
0.25545247183455605
0.320946426108144056
0.31594172563534223
0.299131500076471823
0.295239614471973111
0.320321220523777872
0.27905727032330041
0.326271210739950579
0.28994742086737979
0.28930398854056133
0.262099894714711457
0.290405223418572667
0.268990326653815337
0.272867074285460809
0.25665100395482876
0.279657003211157884
0.308428276185892136
0.263299758000093642
0.254127575851174237
0.255504119708649668
0.297840473570219311
0.266390761785558317
0.276608365621843988
0.277640562484926023
0.267721577862135907
0.286546767535257263
0.276941847687397047
0.233363445373867467
0.28677418963098672
0.287346567983625623
0.297199194003408218
0.252465405503234819
0.268081189266419828
0.255541172544454687
0.249676357055005377
0.273506453745628209
0.240815560505505816
0.271176981045518461
0.242154815749875685
0.266678589898848906
0.240697047451573609
0.266072998457547116
0.280371982431871392
0.238397006358294694
0.240361990180167656
0.265513701084094778
0.219243069953039327
0.238471264087363855
0.284682417501262774
0.245923076266407414
0.232654975057281582
0.248841256991083837
0.223870419745129612
0.214979457352728359
0.209606296211719167
0.223913719419621737
0.194313800019471877
0.254256064477091925
0.220157860742098588
0.196183599534938913
0.234795231054739317
0.227051886284389715
0.240195069334144834
0.194184375802182091
0.206932738221886237
0.227684159133357905
0.198863129219332357
0.191639896399848381
0.213148652113881121
0.213912519128810624
0.199660874899260044
0.194816697663355493
0.201232242801199612
0.212173824101900055
0.171949520891028718
0.207977785266403759
0.175465784592436863
0.212920158606137361
0.161358754491749135
0.17774835629148672
0.205701300356033012
0.186421793916015793
0.196984206259211481
0.193742918841631945
0.196779455804114989
0.176050367888905962
0.170129271083579725
0.196486330130035941
0.175409296492187505
0.168276054198052527
0.177342358939636346
0.179191317322025145
0.139465023901963581
0.15824122528978754
0.131104291020559482
0.151624513052255244
0.172431603098017083
0.143218752641638636
0.153609648297561296
0.14539075323641118
0.178624388593446148
0.128160463486719334
0.130276687136063635
0.158537508424157342
0.121431894508969573
0.163807141968338205
0.12788812552615636
0.130901810646248978
0.142003404244262887
0.138305457112344099
0.146830488211738552
0.106552408536698257
0.102983937338459869
0.124952344637529467
0.102109800846043972
0.0841463022637328473
0.0895209038448675914
0.0875167394458280651
0.0998732941419288728
0.111343178319655733
0.0749447690517671128
0.133015834529188637
0.120022709217457696
0.0655775811493509719
0.0577972811648245696
0.0939187650062466434
0.070172807922197239
0.077748786503067116
0.0897321403886882502
0.115266505600233188
0.0492239509441063372
0.067037236380101034
0.0425053529023993043
0.068648419691730217
0.0776758269660053763
0.114976550127330102
0.0360209873028211891
0.0562764880290111472
0.0317771342881398577
0.0453960720206061236
0.0845435029022671009
0.0304010851156189151
0.0440680383505643036
0.0629773274364618108
0.0319128584747816746
0.0234795770323498534
0.043166518687159483
0.0750565984461196434
0.0307254161880285634
0.00695883724232498196
0.0346689689042154123
0.0297975522586401732
0.0487744286384665243
0.0179545558820102327
0.0421850920307084709
0.0311285469261278445
0.0317140231341566728
0.0227993199068640406
0.0258102160617816392
0.00554329611113597853
0.0423790107622510209
0.00536695522607200277
0.0180940451178811454
5.95779098456136746e-05
-0.00781255324862628955
0.0389994533968502088
0.0110463006963773779
0.00819139828310689981
-0.00733071739891963045
0.0188002026099273398
0.0234066693286668764
0.000201466910269705504
-0.00969048781235048312
0.0147072373184499693
-0.0145975064062203938
-0.000949108581380728872
0.02961566166781298
0.00899540620837569263
0.0137403181985639652
-0.0204738746824288803
-0.0192733642990599689
-0.0387860866349315492
-0.0221227623773272951
-0.0499868944229673665
-0.00381455969564735431
-0.039531814705511599
-0.017593812100420568
-0.0404269701179285415
-0.014792533764208176
-0.0574503057207567183
-0.0508737765292173738
-0.0316098370725697436
-0.0217837731683906966
-0.0483930721460176586
-0.0366726469737182481
-0.0488496768566552275
-0.043359788177776637
-0.033945263187610264
-0.0573331244289737099
-0.0586861305058911098
-0.0762685837504181313
-0.0371178256061199321
-0.0750397361976349042
-0.0216354598406499204
-0.0376219198685982456
-0.0518693164504569759
-0.0843067647762608396
-0.0330554458442532395
-0.0492843119677472338
-0.0426013093524079955
-0.0861655120344284736
-0.0133357147650344787
-0.0659578454724307761
-0.0365831306855455077
-0.0685592680166557528
-0.0727696805523872642
-0.0694598378510568465
-0.0575970358912241895
-0.0517531215438102182
-0.0673375848243711467
-0.0804699994470431668
-0.0932481162494698812
-0.0799364279160438146
-0.0990194278617538282
-0.0788234631006771158
-0.0872362737251295706
-0.0585065150190392791
-0.0511556545231312276
-0.0772946282750932162
-0.100419525092775991
-0.112813498269946091
-0.0404190944029228991
-0.0903281590906968024
-0.0990283469798248772
-0.0781889853752232022
-0.0542177865666289699
-0.0714407543730014583
-0.0907053617457570793
-0.068607989365306446
-0.114946482799068259
-0.082959312919197406
-0.0485047690785673016
-0.0808919100916563882
-0.0836545253826153495
-0.0895722324962902189
-0.0710074445958391726
-0.0842231503994090303
-0.0885651410344990425
-0.0677093115683638919
-0.121968063038970009
-0.0824472284415373319
-0.0500983265819794216
-0.0350110077727993213
-0.0820227799485721415
-0.0819163368208978421
-0.0788318754987125392
-0.0950355773792716657
-0.0486180222893502698
-0.0843260286772824913
-0.0593897022155968901
-0.067973644197295055
-0.0679483677527404212
-0.0732260214405280052
-0.0905515171898285814
-0.065015280203964243
-0.0799886694984753704
-0.0735588178067140275
-0.105790419197643037
-0.108092952293290814
-0.0665997002103782543
-0.081002291530239981
-0.0892365644507001343
-0.0797834847593845986
-0.103859924131358403
-0.0585427521671163936
-0.0929523501887154213
-0.0689943952678737787
-0.0638270000882641131
-0.0389344892315586985
-0.0506087034555619403
-0.0858325042491263207
-0.0939688798349969656
-0.0512014996753071133
-0.0883838748312842232
-0.104833725833570646
-0.0894679738594178209
-0.0551149646456204692
-0.0499649430310256659
-0.0803796530857258384
-0.0636677613230219042
-0.0470006862764423272
-0.096059781983033693
-0.0812779819864804243
-0.0987509632748393151
-0.073903091788252967
-0.0620665862174041641
-0.0944003183017567832
-0.0675625893714558862
-0.06007458248523663
-0.0673181775681997718
-0.0335226975560754953
-0.0494521343277366868
-0.0428300775627948882
-0.0590857486554683675
-0.0530244507277499652
-0.0815477443620085812
-0.0335278750568363121
-0.0595954019968418652
-0.0226465216355395058
-0.0646414460900033849
-0.0308206620246644185
-0.0267528108554535814
-0.0507901490773686529
-0.047611043540199495
-0.0127693387017401641
-0.0303778528324541927
-0.0141991963812719696
-0.023775211274729896
-0.0218324087128208208
-0.0832909782205826371
-0.0441289995200075669
-0.0471711624293281936
-0.0300110822453008054
-0.0446395327925361018
-0.0132524905930098205
-0.0658700538581938888
-0.0504816636191215487
-0.0126230098605838413
-0.0297908106451930804
-0.0546821870929545262
-0.0419617973855764825
-0.0224953003647326392
-0.0437096227017772093
-0.0133972356657924424
-0.0120564326977822631
-0.00197787444964805936
-0.0206791456685125885
-0.0308039126916902876
-0.00904734786407277065
-0.032139534239492687
-0.0124227610923369688
0.0190600380628556942
-0.00387191679796311874
-0.0257093805247630147
-0.0145672737940527978
-0.0263157170870491203
0.0155057159154539069
-0.0448311165753143281
-0.0102162267954473748
-0.0167940629513496434
-0.0251352067183148731
0.0417640763652551497
-0.0239784491329579977
-0.0350821607172362923
-0.0229835783964517093
0.00932926460044087788
-0.0406109091878303838
0.0128790780117417035
0.0228812142463701573
0.0266249189371669352
-0.00273529395209169517
0.00825509153585893274
0.0166865438392060118
-0.0166719546899460717
0.0284151081398623523
0.00746574255256775288
0.0221024166735271956
-0.00969138783953310892
0.0068522626936175831
-0.00265176906987121472
-0.00151186788905824376
0.0184455156117604643
0.0192357278011741246
0.0170667867079448421
0.0426804175654765527
0.0498630951915645937
-0.00396836006697720567
0.0398823074325058147
0.0599341471878115928
0.0238449053698887581
0.0649737080291018232
0.0234674410670441501
0.0207458080137293069
0.0153153680770815835
0.0638208901599623679
0.0559821896337201058
0.0238030187063375358
0.0399029457610765581
0.0277738957387331301
0.030840356268032821
0.0528981480942315105
0.0533246734097094222
0.072654037696730997
0.0487513112598586262
0.0478305907774822167
0.0623519723380207974
0.0769584752901384533
0.0746573937888422023
0.0919079483034860034
0.0504981164861425177
0.063101815236335318
0.0325840284895020441
0.0814246269379400867
0.0711323538457440951
0.0635234700229276306
0.0617902176714871798
0.0737374337238525523
0.0758548809400520635
0.0473632783786099437
0.0533050957245465723
0.0627505003140027134
0.102141807400231932
0.0840452895366799457
0.0764559319547342547
0.0629840410807806644
0.0735857504032862014
0.0776753945769935034
0.0850990865107464356
0.111262781036211997
0.0776154497101329832
0.0769398856093033989
0.0957140524510148583
0.088177744015971754
0.0836006440178284627
0.0973341494299653082
0.0925005098272120713
0.0784061770310933437
0.0900003305309154122
0.0911281229644662627
0.080595731253392533
0.110945208260034914
0.0845768855216643967
0.0825331542890541808
0.0929280617861255182
0.0685038969112182206
0.101482269365446368
0.061999707383095494
0.114300244710084251
0.0850535914931172254
0.121329640018052215
0.0918165816732046947
0.0647932746973758633
0.113893530769521495
0.120672807905454746
0.138442908586312641
0.101803205169737176
0.0908900491522675741
0.129630926119514212
0.0877943223900929798
0.125586161211565878
0.11624909050821261
0.108769409499778924
0.152054789935535617
0.131383400213964857
0.168058025334969052
0.150676513799849421
0.110700984644859279
0.156562565925826874
0.139860661741019382
0.118788247232073388
0.101615329580976937
0.130067327612236772
0.0962370609161475321
0.103071225543554329
0.118850910608217356
0.11257805155729618
0.127481055558381906
0.102860794235384079
0.12627131193214311
0.131454896084680334
0.154828878205741843
0.108981031268982578
0.102388599073668068
0.102800608836260438
0.111590280113370202
0.109583363572875084
0.155456352552051064
0.101765580222030166
0.113488870553445448
0.127332933551200872
0.131910640671647622
0.140443475156994707
0.11934221218804078
0.129305602715744677
0.102671833069133175
0.120033731804814622
0.11572131436773074
0.16145727098783158
0.133680739990401309
0.117648257750617588
0.119716611583879098
0.148556706023548979
0.110606968934399502
0.14973254786595136
0.173106556686075941
0.12025201076326672
0.118406832542550994
0.15071235274333647
0.11786917830321865
0.140044926496010275
0.114819450867907083
0.0895528746590641689
0.126263515083086253
0.123118128146138206
0.0976639640039622392
0.146850407267471395
0.144330533280150552
0.116082706643399314
0.109154437046941472
0.114612211445419609
0.12759707482303545
0.157195616989277753
0.0834172577975746538
0.0891326876128275408
0.136364487311210092
0.104506225671529673
0.0517371021765836853
0.0939902631139550165
0.123026902421773096
0.142072980721184489
0.116262751738504089
0.0914332920802516658
0.135815760762603405
0.126084337509678568
0.124992213074709022
0.114930686276263572
0.131801261853902396
0.109735158752670675
0.113060492980468802
0.103212464565930306
0.0964784119837643339
0.109408862967551174
0.119366273603712339
0.0985345555812581347
0.0881494670505817979
0.105556775335423181
0.105595744439467079
0.0939251471928470444
0.131618585104128327
0.077209650562993698
0.100598981870449869
0.140803517558209329
0.094364445891645346
0.122636457493941142
0.124308407200522511
0.0785377887027756544
0.116858021620096231
0.136636709051971894
0.108632289662814754
0.105864750515869632
0.0916699348049081625
0.0522171575996992002
0.10625133770457186
0.073899290610140278
0.114455853386783379
0.126746828686240876
0.0857546191833531007
0.1022931487642538
0.0754032529221092818
0.0788721787750504416
0.0743394208500000458
0.114663094269538093
0.0748072277238540084
0.0730195113654859007
0.0632186155891719809
0.0650180155443342428
0.0835999316345443638
0.108066126813339075
0.0921227239602525894
0.0693902272690117838
0.080968289899993301
0.0945171182282069922
0.0929126692802457049
0.0826817458579468395
0.0800136855927691404
0.103928743918076438
0.0842785128636333869
0.0925379806943627953
0.059961687453609025
0.104513052700217185
0.0544470977698271949
0.0766579153153166271
0.0742485491412498422
0.0548688058816828861
0.0681298811289262757
0.0903882569270899466
0.061542182270898832
0.0763095767771590633
0.103814632199522305
0.0685187070784808311
0.10761735651168014
0.072003591029372857
0.0860235484048629956
0.0673350866223695887
0.0982240522346316952
0.071724883038709969
0.0589256788392819655
0.0544515350074682089
0.0679614122863959197
0.079300815641686867
0.0686987180118700941
0.0654927179756052413
0.0606726613683687133
0.0714049390021116309
0.0524824730779847176
0.0419087053687693806
0.0314757010137973608
0.065155918624608955
0.0520499962744505815
0.0988925553099939125
0.0885055652890518463
0.0839218471003302935
0.0315483196300562069
0.0804662081125657735
0.0883789138144188691
0.070565011822863441
0.0457262434687682601
0.0526918845133609939
0.054301434302316251
0.0537288971566108747
0.0768024660760563416
0.0567748112713355943
0.0868407288956869333
0.0671430801175733061
0.0495200839106428592
0.0442099134512181843
0.0346004157296684392
0.0790875890748409249
0.0471794481744244251
0.0248864123455836417
0.0758799488276321044
0.042913781119572364
0.0561643398634751254
0.0595664840066490037
0.0693113251614527054
0.0633840114900750817
0.0868288783330026237
0.0624991246547385582
0.0152282859229290121
0.0511315127800585356
0.0778351156649192272
0.0863112946568808242
0.0574560485506143206
0.0363246132131948424
0.0538062102213072643
0.0273882171999463332
0.060336037272354405
0.0437739896615462545
0.0900484592735499301
0.0519095476935622357
0.0956047517970356614
0.0573028930725252919
0.0382982281279675013
0.0808222295360874754
0.0884043006963644573
0.0244029203100752309
0.0304691303274502515
0.0446277984184383428
0.0171559185687619672
0.0492653554252879822
0.076771915656994566
0.0302737160630336365
0.0412381481287890928
0.0578432254823501787
0.0654392928504325261
0.0575051775996973033
0.048926611669589018
0.0426158111686405564
0.0888224350162496457
0.0517295449912786032
0.060715329985795409
0.0938551161424052982
0.050733233263204093
0.0728809363529219906
0.0716751296855646508
0.0856550531394106307
0.0902781864699290088
0.0926803287937743442
0.0680614225663779826
0.0783107053707162992
0.0657268577225592204
0.107029524033535467
0.0364804309515834729
0.0639851592618476683
0.106148297632117777
0.0867006374491436499
0.0688961686252148736
0.0876402585475090368
0.0808591004279940184
0.103426741538855393
0.105552661974083126
0.0427333936875219922
0.087271850517934374
0.0825763507936682906
0.0986409509179566879
0.101602436614931096
0.0922264062837505616
0.08865268894836216
0.0713572831535003865
0.0645419110928361905
0.0934042999439271687
0.120336876747205335
0.0951010724499421339
0.0692644726532441052
0.0642793833926420255
0.0997284881079452401
0.0898116112671814293
0.0709979268213255799
0.0864369273140849492
0.0828034466287917992
0.110609430414833329
0.115438152498447757
0.120656916570508657
0.0754068875575035907
0.135397445718812598
0.0870340262932091518
0.131224847625665997
0.123349543219774704
0.12950653852210256
0.140516864421788429
0.126027050573443516
0.178782026395384097
0.133608388935224531
0.098798223045292427
0.146246776280970631
0.114984227037365661
0.146104657153360185
0.137242421626458638
0.154461986977329546
0.128349928474274289
0.167468774711105939
0.152366888404177614
0.160416578845639424
0.135079227677433217
0.17952089540115998
0.126235629319271764
0.159556950835657574
0.179648573444895154
0.172560061364986
0.131276781772935558
0.125143723949311086
0.16624409939255122
0.16696132544901679
0.176579521821512819
0.145238031460551337
0.19337088728243268
0.197671889069615053
0.149880021862439872
0.148488089561134601
0.185265545298401196
0.166295729067583636
0.185613589026830728
0.166957306549158524
0.180438445000779879
0.216403182383318432
0.172913043476220107
0.22228828551510596
0.210855671046349585
0.236080547118612871
0.164922595850081288
0.209065847141494787
0.252167121025715146
0.226726104419250118
0.207252416626902747
0.184306969621913647
0.234187427782724222
0.228226658601988097
0.213515489787535456
0.219827766255253937
0.215139254712430728
0.231604566576318394
0.213112653507889993
0.259554126321241974
0.230182318875619352
0.242368402249489912
0.226923389131422237
0.266711477197474622
0.260942491571836632
0.248783196942520407
0.240029205454348943
0.26200781499814696
0.260794067694736897
0.268356532092653588
0.285858888113647569
0.26746740260235996
0.289527911837190344
0.273769083618007614
0.281456738085132163
0.257394702210600235
0.270483889956129819
0.267319920640839759
0.299456544838173133
0.290012386325616156
0.282197290154721614
0.257214222254689318
0.286887929157037702
0.308682395772080342
0.341178650516154425
0.277676406397768638
0.276086535068607253
0.316547364029723832
0.335594474203912752
0.324673685141312007
0.322087549029747566
0.306628112197473379
0.341641291227567312
0.319050321500752854
0.341318509988853547
0.32585482643667385
0.342816604979678696
0.335217857954633269
0.343848476597870933
0.385944715416187911
0.346575003332640685
0.360883539016594701
0.329898275307564715
0.361503963254740213
0.388065444128063597
0.367733480050204786
0.344597184159235681
0.375457914489621236
0.421633226460903954
0.356541781674447555
0.383240947141571087
0.369527224206851079
0.395045188369073763
0.410186816527522591
0.383314289074415671
0.43664296184377166
0.414771587409390963
0.388446701785066517
0.403401507238989043
0.441299221259939867
0.392935667108295583
0.376350489432986657
0.408562678021440029
0.433356903539274696
0.408274491644827764
0.480245100821524384
0.417413066940082622
0.443375030426392758
0.43617874423533165
0.419183199110131466
0.41706816091220672
0.399552051594778412
0.417934409015164932
0.466115436455878662
0.452295054878532832
0.409940691098448939
0.487221938625202633
0.45541411616678501
0.460492810045903866
0.479653003498813124
0.483994745358129697
0.475251176747589765
