0.421834472314705888
0.420615341040777913
0.419396209766849992
0.418177078492922016
0.416957947218994041
0.415738815945066065
0.414519684671138144
0.413300553397210169
0.412081422123282193
0.410862290849354217
0.409643159575426297
0.408424028301498321
0.407204897027570345
0.405985765753642425
0.404766634479714449
0.403547503205786473
0.402328371931858497
0.401109240657930577
0.399890109384002601
0.398670978110074625
0.397451846836146649
0.396232715562218729
0.395013584288290753
0.393794453014362777
0.392575321740434802
0.391356190466506881
0.390137059192578906
0.38891792791865093
0.387698796644723009
0.386479665370795034
0.385260534096867058
0.384041402822939082
0.382822271549011162
0.381603140275083186
0.38038400900115521
0.379164877727227234
0.377945746453299314
0.376726615179371338
0.375507483905443362
0.374288352631515386
0.373069221357587466
0.37185009008365949
0.370630958809731514
0.369411827535803594
0.368192696261875618
0.366973564987947642
0.365754433714019667
0.364535302440091746
0.363316171166163771
0.362097039892235795
0.360877908618307819
0.359658777344379899
0.358439646070451923
0.357220514796523947
0.356001383522595971
0.354782252248668051
0.353563120974740075
0.352343989700812099
0.351124858426884123
0.349905727152956203
0.348686595879028227
0.347467464605100251
0.346248333331172331
0.345029202057244355
0.343810070783316379
0.342590939509388404
0.341371808235460483
0.340152676961532507
0.338933545687604532
0.337714414413676556
0.336495283139748635
0.33527615186582066
0.334057020591892684
0.332837889317964708
0.331618758044036788
0.330399626770108812
0.329180495496180836
0.327961364222252916
0.32674223294832494
0.325523101674396964
0.324303970400468988
0.323084839126541068
0.321865707852613092
0.320646576578685116
0.31942744530475714
0.31820831403082922
0.316989182756901244
0.315770051482973269
0.314550920209045293
0.313331788935117372
0.312112657661189397
0.310893526387261421
0.3096743951133335
0.308455263839405525
0.307236132565477549
0.306017001291549573
0.304797870017621653
0.303578738743693677
0.302359607469765701
0.301140476195837725
0.299921344921909805
0.298702213647981829
0.297483082374053853
0.296263951100125877
0.295044819826197957
0.293825688552269981
0.292606557278342005
0.291387426004414085
0.290168294730486109
0.288949163456558134
0.287730032182630158
0.286510900908702237
0.285291769634774262
0.284072638360846286
0.28285350708691831
0.28163437581299039
0.280415244539062414
0.279196113265134438
0.277976981991206462
0.276757850717278542
0.275538719443350566
0.27431958816942259
0.273100456895494614
0.271881325621566694
0.270662194347638718
0.269443063073710742
0.268223931799782822
0.267004800525854846
0.26578566925192687
0.264566537977998895
0.263347406704070974
0.262128275430142998
0.260909144156215023
0.259690012882287047
0.258470881608359127
0.257251750334431151
0.256032619060503175
0.254813487786575199
0.253594356512647279
0.252375225238719303
0.251156093964791327
0.249936962690863379
0.248717831416935431
0.247498700143007455
0.246279568869079507
0.245060437595151531
0.243841306321223583
0.242622175047295607
0.241403043773367659
0.240183912499439683
0.238964781225511735
0.23774564995158376
0.236526518677655812
0.235307387403727836
0.234088256129799888
0.23286912485587194
0.231649993581943964
0.230430862308016016
0.22921173103408804
0.227992599760160092
0.226773468486232116
0.225554337212304168
0.224335205938376192
0.223116074664448244
0.221896943390520268
0.22067781211659232
0.219458680842664344
0.218239549568736396
0.21702041829480842
0.215801287020880472
0.214582155746952497
0.213363024473024548
0.2121438931990966
0.210924761925168625
0.209705630651240676
0.208486499377312701
0.207267368103384753
0.206048236829456777
0.204829105555528829
0.203609974281600853
0.202390843007672905
0.201171711733744929
0.199952580459816981
0.198733449185889005
0.197514317911961057
0.196295186638033081
0.195076055364105133
0.193856924090177185
0.192637792816249209
0.191418661542321261
0.190199530268393285
0.188980398994465337
0.187761267720537361
0.186542136446609413
0.185323005172681438
0.18410387389875349
0.182884742624825514
0.181665611350897566
0.18044648007696959
0.179227348803041642
0.178008217529113666
0.176789086255185718
0.175569954981257742
0.174350823707329794
0.173131692433401846
0.17191256115947387
0.170693429885545922
0.169474298611617946
0.168255167337689998
0.167036036063762022
0.165816904789834074
0.164597773515906098
0.16337864224197815
0.162159510968050175
0.160940379694122226
0.159721248420194251
0.158502117146266303
0.157282985872338327
0.156063854598410379
0.154844723324482431
0.153625592050554455
0.152406460776626507
0.151187329502698531
0.149968198228770583
0.148749066954842607
0.147529935680914659
0.146310804406986683
0.145091673133058735
0.143872541859130759
0.142653410585202811
0.141434279311274835
0.140215148037346887
0.138996016763418911
0.137776885489490963
0.136557754215562988
0.135338622941635039
0.134119491667707091
0.132900360393779116
0.131681229119851168
0.130462097845923192
0.129242966571995244
0.128023835298067268
0.12680470402413932
0.125585572750211344
0.124366441476283396
0.123147310202355434
0.121928178928427472
0.12070904765449951
0.119489916380571548
0.118270785106643586
0.117051653832715624
0.115832522558787662
0.1146133912848597
0.113394260010931738
0.112175128737003776
0.110955997463075814
0.109736866189147853
0.108517734915219891
0.107298603641291929
0.106079472367363981
0.104860341093436019
0.103641209819508057
0.102422078545580095
0.101202947271652133
0.0999838159977241708
0.0987646847237962089
0.0975455534498682469
0.096326422175940285
0.0951072909020123231
0.0938881596280843611
0.0926690283541563992
0.0914498970802284372
0.0902307658063004753
0.0890116345323725133
0.0877925032584445514
0.0865733719845166033
0.0853542407105886414
0.0841351094366606794
0.0829159781627327175
0.0816968468888047555
0.0804777156148767936
0.0792585843409488316
0.0780394530670208697
0.0768203217930929078
0.0756011905191649458
0.0743820592452369839
0.0731629279713090219
0.07194379669738106
0.070724665423453098
0.0695055341495251361
0.0682864028755971741
0.0670672716016692261
0.0658481403277412641
0.0646290090538133022
0.0634098777798853402
0.0621907465059573783
0.0609716152320294164
0.0597524839581014544
0.0585333526841734925
0.0573142214102455305
0.0560950901363175686
0.0548759588623896066
0.0536568275884616447
0.0524376963145336897
0.0512185650406057277
0.0499994337666777658
0.0487803024927498038
0.0475611712188218419
0.04634203994489388
0.045122908670965918
0.0439037773970379561
0.0426846461231100011
0.0414655148491820391
0.0402463835752540772
0.0390272523013261152
0.0378081210273981533
0.0365889897534701913
0.0353698584795422294
0.0341507272056142674
0.0329315959316863124
0.0317124646577583505
0.0304933333838303885
0.0292742021099024266
0.0280550708359744647
0.0268359395620465027
0.0256168082881185442
0.0243976770141905823
0.0231785457402626204
0.0219594144663346584
0.0207402831924066999
0.019521151918478738
0.018302020644550776
0.0170828893706228141
0.0158637580966948556
0.0146446268227668937
0.0134254955488389317
0.0122063642749109715
0.0109872330009830096
0.00976810172705504937
0.00854897045312708742
0.00732983917919912721
0.00611070790527116613
0.00489157663134320506
0.00367244535741524398
0.0024533140834872829
0.00123418280955932182
1.50515356313607479e-05
-0.00120407973829660033
-0.00242321101222456141
-0.00364234228615252249
-0.00486147356008048356
-0.00608060483400844464
-0.00729973610793640572
-0.00851886738186436766
-0.00973799865579232787
-0.0109571299297202881
-0.01217626120364825
-0.0133953924775762102
-0.0146145237515041722
-0.0158336550254321341
-0.0170527862993600926
-0.0182719175732880545
-0.0194910488472160165
-0.0207101801211439784
-0.0219293113950719404
-0.0231484426689998989
-0.0243675739429278608
-0.0255867052168558227
-0.0268058364907837847
-0.0280249677647117432
-0.0292440990386397051
-0.0304632303125676671
-0.031682361586495629
-0.0329014928604235909
-0.034120624134351546
-0.0353397554082795079
-0.0365588866822074698
-0.0370709948130702183
-0.0367258592585267551
-0.036380723703983292
-0.0360355881494398289
-0.0356904525948963658
-0.0353453170403529027
-0.0350001814858094396
-0.0346550459312659695
-0.0343099103767225064
-0.0339647748221790433
-0.0336196392676355801
-0.033274503713092117
-0.0329293681585486539
-0.0325842326040051908
-0.0322390970494617277
-0.0318939614949182645
-0.0315488259403748014
-0.0312036903858313383
-0.0308585548312878752
-0.0305134192767444121
-0.0301682837222009489
-0.0298231481676574824
-0.0294780126131140192
-0.0291328770585705561
-0.028787741504027093
-0.0284426059494836299
-0.0280974703949401668
-0.0277523348403967036
-0.0274071992858532405
-0.0270620637313097774
-0.0267169281767663108
-0.0263717926222228477
-0.0260266570676793846
-0.0256815215131359215
-0.0253363859585924583
-0.0249912504040489952
-0.0246461148495055321
-0.024300979294962069
-0.0239558437404186024
-0.0236107081858751393
-0.0232655726313316762
-0.022920437076788213
-0.0225753015222447499
-0.0222301659677012868
-0.0218850304131578237
-0.0215398948586143606
-0.0211947593040708974
-0.0208496237495274309
-0.0205044881949839677
-0.0201593526404405046
-0.0198142170858970415
-0.0194690815313535784
-0.0191239459768101153
-0.0187788104222666521
-0.018433674867723189
-0.0180885393131797259
-0.0177434037586362593
-0.0173982682040927962
-0.0170531326495493331
-0.01670799709500587
-0.0163628615404624068
-0.0160177259859189437
-0.0156725904313754806
-0.0153274548768320158
-0.0149823193222885526
-0.0146371837677450895
-0.0142920482132016264
-0.0139469126586581615
-0.0136017771041146984
-0.0132566415495712353
-0.0129115059950277722
-0.0125663704404843091
-0.0122212348859408442
-0.0118760993313973811
-0.011530963776853918
-0.0111858282223104549
-0.01084069266776699
-0.0104955571132235269
-0.0101504215586800638
-0.00980528600413660065
-0.00946015044959313753
-0.00911501489504967267
-0.00876987934050620956
-0.00842474378596274644
-0.00807960823141928332
-0.00773447267687581933
-0.00738933712233235535
-0.00704420156778889223
-0.00669906601324542824
-0.00635393045870196512
-0.006008794904158502
-0.00566365934961503802
-0.0053185237950715749
-0.00497338824052811091
-0.00462825268598464779
-0.00428311713144118381
-0.00393798157689772069
-0.00359284602235425713
-0.00324771046781079358
-0.00290257491326733003
-0.00255743935872386648
-0.00221230380418040292
-0.00186716824963693959
-0.00152203269509347604
-0.00117689714055001248
-0.000831761586006549039
-0.000486626031463085486
-0.000141490476919621988
0.00020364507762384151
0.000548780632167305063
0.000893916186710768507
0.00123905174125423195
0.0015841872957976955
0.00192932285034115906
0.00227445840488462239
0.00261959395942808594
0.0029647295139715495
0.00330986506851501305
0.0036550006230584766
0.00400013617760193972
0.00434527173214540371
0.00469040728668886683
0.00503554284123233081
0.00538067839577579393
0.00572581395031925792
0.00607094950486272104
0.00641608505940618502
0.00676122061394964814
0.00710635616849311213
0.00745149172303657525
0.00779662727758003837
0.00814176283212350235
0.00848689838666696547
0.00883203394121042859
0.00917716949575389344
0.00952230505029735656
0.00986744060484081968
0.0102125761593842828
0.0105577117139277477
0.0109028472684712108
0.0112479828230146739
0.011593118377558137
0.0119382539321016001
0.012283389486645065
0.0126285250411885281
0.0129736605957319912
0.0133187961502754543
0.0136639317048189192
0.0140090672593623823
0.0143542028139058454
0.0146993383684493086
0.0150444739229927717
0.0153896094775362365
0.0157347450320796979
0.0160798805866231645
0.0164250161411666276
0.0167701516957100907
0.0171152872502535539
0.017460422804797017
0.0178055583593404801
0.0181506939138839432
0.0184958294684274063
0.0188409650229708694
0.019186100577514336
0.0195312361320577992
0.0198763716866012623
0.0202215072411447254
0.0205666427956881885
0.0209117783502316516
0.0212569139047751147
0.0216020494593185779
0.021947185013862041
0.0222923205684055076
0.0226374561229489707
0.0229825916774924338
0.0233277272320358969
0.0236728627865793601
0.0240179983411228232
0.0243631338956662863
0.0247082694502097494
0.0250534050047532125
0.0253985405592966791
0.0257436761138401422
0.0260888116683836054
0.0264339472229270685
0.0267790827774705316
0.0271242183320139947
0.0274693538865574578
0.0278144894411009209
0.0281596249956443841
0.0285047605501878507
0.0288498961047313138
0.0291950316592747769
0.02954016721381824
0.0298853027683617031
0.0302304383229051662
0.0305755738774486294
0.0309207094319920925
0.0312658449865355556
0.0316109805410790187
0.0319561160956224818
0.032301251650165945
0.0326463872047094081
0.0329915227592528781
0.0333366583137963413
0.0336817938683398044
0.0340269294228832675
0.0343720649774267306
0.0347172005319701937
0.0350623360865136569
0.03540747164105712
0.0357526071956005831
0.0360977427501440462
0.0364428783046875093
0.0367880138592309724
0.0371331494137744356
0.0374782849683178987
0.0378234205228613618
0.0381685560774048249
0.038513691631948288
0.0388588271864917512
0.0392039627410352212
0.0395490982955786843
0.0398942338501221475
0.0402393694046656106
0.0405845049592090737
0.0409296405137525368
0.0412747760682959999
0.0416199116228394631
0.0419650471773829262
0.0423101827319263893
0.0426553182864698524
0.0430004538410133155
0.0433455893955567786
0.0436907249501002418
0.0440358605046437049
0.044380996059187168
0.0447261316137306311
0.0450712671682741012
0.0454164027228175643
0.0457615382773610274
0.0461066738319044905
0.0464518093864479537
0.0467969449409914168
0.0471420804955348799
0.047487216050078343
0.0478323516046218061
0.0481774871591652692
0.0485226227137087324
0.0488677582682521955
0.0492128938227956586
0.0495580293773391217
0.0499031649318825848
0.050248300486426048
0.0505934360409695111
0.0509385715955129742
0.0512837071500564443
0.0516288427045999074
0.0519739782591433705
0.0523191138136868336
0.0526642493682302967
0.0530093849227737599
0.053354520477317223
0.0536996560318606861
0.0540447915864041492
0.0543899271409476123
0.0547350626954910754
0.0550801982500345386
0.0554253338045780017
0.0557704693591214648
0.0561156049136649279
0.056460740468208391
0.0568058760227518542
0.0571510115772953173
0.0574961471318387873
0.0578412826863822505
0.0581864182409257136
0.0585315537954691767
0.0588766893500126398
0.0592218249045561029
0.059566960459099566
0.0599120960136430292
0.0602572315681864923
0.0606023671227299554
0.0609475026772734185
0.0612926382318168816
0.0616377737863603448
0.0619829093409038079
0.062328044895447271
0.0626731804499907341
0.0630183160045341972
0.0633634515590776604
0.0637085871136211235
0.0640537226681645866
0.0643988582227080497
0.0647439937772515128
0.065089129331794976
0.0654342648863384391
0.0657794004408819022
0.0661245359954253653
0.0664696715499688284
0.0668148071045123054
0.0671599426590557685
0.0675050782135992317
0.0678502137681426948
0.0681953493226861579
0.068540484877229621
0.0688856204317730841
0.0692307559863165473
0.0695758915408600104
0.0699210270954034735
0.0702661626499469366
0.0706112982044903997
0.0709564337590338629
0.071301569313577326
0.0716467048681207891
0.0719918404226642522
0.0723369759772077153
0.0726821115317511784
0.0730272470862946416
0.0733723826408381047
0.0737175181953815678
0.0740626537499250309
0.074407789304468494
0.0747529248590119572
0.0750980604135554203
0.0754431959680988834
0.0757883315226423465
0.0761334670771858096
0.0764786026317292728
0.0768237381862727359
0.077168873740816199
0.0775140092953596621
0.0778591448499031252
0.0782042804044465883
0.0785494159589900515
0.0788945515135335285
0.0792396870680769916
0.0795848226226204547
0.0799299581771639178
0.0802750937317073809
0.0806202292862508441
0.0809653648407943072
0.0813105003953377703
0.0816556359498812334
0.0820007715044246965
0.0823459070589681597
0.0826910426135116228
0.0830361781680550859
0.083381313722598549
0.0837264492771420121
0.0840715848316854752
0.0844167203862289384
0.0847618559407724015
0.0851069914953158646
0.0854521270498593277
0.0857972626044027908
0.086142398158946254
0.0864875337134897171
0.0868326692680331802
0.0871778048225766433
0.0875229403771201064
0.0878680759316635696
0.0882132114862070327
0.0885583470407504958
0.0889034825952939589
0.089248618149837422
0.0895937537043808852
0.0899388892589243483
0.0902840248134678114
0.0906291603680112745
0.0909742959225547376
0.0913194314770982146
0.0916645670316416777
0.0920097025861851409
0.092354838140728604
0.0926999736952720671
0.0930451092498155302
0.0933902448043589933
0.0937353803589024565
0.0940805159134459196
0.0944256514679893827
0.0947707870225328458
0.0951159225770763089
0.095461058131619772
0.0958061936861632352
0.0961513292407066983
0.0964964647952501614
0.0968416003497936245
0.0971867359043370876
0.0975318714588805508
0.0978770070134240139
0.098222142567967477
0.0985672781225109401
0.0989124136770544032
0.0992575492315978664
0.0996026847861413295
0.0999478203406847926
0.100292955895228256
0.100638091449771719
0.100983227004315182
0.101328362558858645
0.101673498113402108
0.102018633667945571
0.102363769222489034
0.102708904777032498
0.103054040331575961
0.103399175886119438
0.103744311440662901
0.104089446995206364
0.104434582549749827
0.10477971810429329
0.105124853658836753
0.105469989213380216
0.105815124767923679
0.106160260322467143
0.106505395877010606
0.106850531431554069
0.107195666986097532
0.107540802540640995
0.107885938095184458
0.108231073649727921
0.108576209204271384
0.108921344758814848
0.109266480313358311
0.109611615867901774
0.109956751422445237
0.1103018869769887
0.110647022531532163
0.110992158086075626
0.111337293640619089
0.111682429195162553
0.112027564749706016
0.112372700304249479
0.112717835858792942
0.113062971413336405
0.113408106967879868
0.113753242522423331
0.114098378076966794
0.114443513631510257
0.114788649186053721
0.115133784740597184
0.115478920295140647
0.115824055849684124
0.116169191404227587
0.11651432695877105
0.116859462513314513
0.117204598067857976
0.117549733622401439
0.117894869176944903
0.118240004731488366
0.118585140286031829
0.118930275840575292
0.119275411395118755
0.119620546949662218
0.119965682504205681
0.120310818058749144
0.120655953613292607
0.121001089167836071
0.121346224722379534
0.121691360276922997
0.12203649583146646
0.122381631386009923
0.122726766940553386
0.123071902495096849
0.123417038049640312
0.123762173604183776
0.124107309158727239
0.124452444713270702
0.124797580267814165
0.125142715822357642
0.125487851376901105
0.125832986931444568
0.126178122485988031
0.126523258040531494
0.126868393595074958
0.127213529149618421
0.127558664704161884
0.127903800258705347
0.12824893581324881
0.128594071367792273
0.128939206922335736
0.129284342476879199
0.129629478031422662
0.129974613585966126
0.130319749140509589
0.131044720759570826
0.131769692378632092
0.132494663997693357
0.133219635616754595
0.13394460723581586
0.134669578854877098
0.135394550473938363
0.136119522092999601
0.137478676730976274
0.138837831368952946
0.140196986006929619
0.141556140644906292
0.142915295282882965
0.144274449920859638
0.14563360455883631
0.146992759196812983
0.148351913834789656
0.149711068472766329
0.151070223110743002
0.152429377748719674
0.153788532386696347
0.15514768702467302
0.156506841662649693
0.157865996300626366
0.159225150938603038
0.161265493197642856
0.163305835456682674
0.165346177715722492
0.167386519974762338
0.169426862233802156
0.171467204492841974
0.173507546751881792
0.175547889010921609
0.178118344174205356
0.180688799337489076
0.183259254500772822
0.185829709664056542
0.188400164827340288
0.190970619990624008
0.193541075153907755
0.196111530317191474
0.198681985480475221
0.20125244064375894
0.203822895807042687
0.206393350970326406
0.208963806133610153
0.211534261296893872
0.214104716460177619
0.216675171623461338
0.219245626786745085
0.221816081950028832
0.224386537113312551
0.226956992276596298
0.229527447439880017
0.232097902603163764
0.234668357766447483
0.23723881292973123
0.239809268093014949
0.242379723256298696
0.244950178419582415
0.247520633582866162
0.250091088746149881
0.252661543909433628
0.255231999072717375
0.257802454236001066
0.260372909399284813
0.26294336456256856
0.265513819725852307
0.268084274889135998
0.270654730052419745
0.273225185215703492
0.275795640378987239
0.278366095542270986
0.280936550705554677
0.283507005868838424
0.286420238897046764
0.289333471925255103
0.292246704953463443
0.295159937981671783
0.298073171009880122
0.300986404038088518
0.303899637066296857
0.306812870094505197
0.309726103122713536
0.312639336150921876
0.315552569179130216
0.318465802207338555
0.321379035235546895
0.324292268263755235
0.327205501291963574
0.330118734320171914
0.333031967348380309
0.335945200376588649
0.338858433404796988
0.341771666433005328
0.344684899461213667
0.347598132489422007
0.350511365517630347
0.353424598545838686
0.356337831574047026
0.359251064602255366
0.362164297630463705
0.3650775306586721
0.36799076368688044
0.37090399671508878
0.373817229743297119
0.376730462771505459
0.379643695799713798
0.382556928827922138
0.385470161856130478
0.388383394884338817
0.391296627912547157
0.394209860940755497
0.397123093968963892
0.400036326997172231
0.402949560025380571
0.405862793053588911
0.40877602608179725
0.41168925911000559
0.414602492138213929
0.417515725166422269
0.420428958194630609
0.423342191222838948
0.426255424251047288
0.429168657279255683
0.432081890307464023
0.434995123335672362
0.437908356363880702
0.440821589392089042
0.443734822420297381
0.446648055448505721
0.44956128847671406
0.4524745215049224
0.457613603381455958
0.462752685257989516
0.467891767134523073
0.473030849011056631
0.478169930887590189
0.483309012764123747
