0.313622178217161318
0.322443204914502957
0.322065710309898057
0.308786857087731348
0.307972410378783201
0.320941257365523147
0.305977072938571237
0.307781478333342184
0.306220685235525425
0.309830325753971181
0.336002056377020075
0.279793953582400445
0.327733489067681683
0.323662161684280469
0.361538622909271579
0.312613260643190394
0.31134566460785229
0.309324284656750437
0.320458035305781375
0.370665196873943503
0.337581826727893164
0.279645950593667147
0.302621457222590762
0.268541869129625188
0.317137874837671085
0.29686505343324221
0.313495788405714959
0.297308656489762513
0.318509955339994433
0.307551132149535944
0.295939034073464002
0.296945440308266473
0.269658078779926258
0.292264607589947878
0.277481166500297749
0.27409662454648509
0.265334149795085295
0.248211939668002618
0.232233228147385756
0.241209181852217264
0.227811191895747722
0.215871225403806904
0.216271870857015491
0.219694624824285284
0.199831726133210597
0.188429448690467238
0.187282239666994171
0.171789121273945383
0.18839784706448881
0.135607881329377011
0.15327132786779446
0.161155624595754804
0.12897527764726921
0.0766492164489466221
0.0819187431909091934
0.0757842592017454603
0.081893075029921103
0.0885384842005865758
0.043114501196184242
0.0334050635818538069
0.0252906681880362
0.0361039145959433094
0.0196379920456733227
-0.0200079977315633824
0.021688214765374067
-0.0226685010246055751
-0.0177072100386015292
-0.00504999716929597706
-0.0605477118915888207
-0.0317862624514616832
-0.0502370087987648248
-0.0721762431196633497
-0.0679979504545949465
-0.0813356340144587575
-0.0763641092302960039
-0.123261347396354734
-0.0561109956771182194
-0.0972960545857854686
-0.117712148104648168
-0.0517482226433133782
-0.0633693252343609237
-0.0912309278052023109
-0.06329282680118406
-0.07125961514880641
-0.099060033970151673
-0.0698659515965125572
-0.0443425405816905358
-0.118849766959364778
-0.0619243867305361989
-0.0795767744454865811
-0.0783715163349071042
-0.0681912438643925839
-0.0543462352611990482
-0.0266269215327276515
-0.0373274196949921547
-0.0262347230907903038
0.00252705822107354705
-0.0710033171338621816
-0.00693966077424560367
-0.0344749466286008582
-0.00371676998939342047
-0.00748917941139462875
-0.0144299100481798462
0.0276466053487568822
0.0174675246129874229
0.0678090521780134597
0.0311100464467462257
0.0796710299100620856
0.0626544999888958981
0.0597705501194795361
0.038818353132881428
0.0344360074730734808
0.097966631045149577
0.081310442334357691
0.0785035268331066988
0.106394256108759563
0.0965718815844989059
0.0972292054929580346
0.118459223827325974
0.123991232778504851
0.120493518501185753
0.130726708891904492
0.124825820936509457
0.142165160972372528
0.142250065833028627
0.0909039255907685834
0.130718380299262443
0.100564735508976072
0.145072582592220611
0.109968679469235345
0.0875742120581448069
0.118377527290800755
0.0861118965256953417
0.150451881380753799
0.0766788984900193538
0.0986069297838383235
0.0908737427966988531
0.0690158548774014724
0.0954506633525709636
0.118490611678724655
0.0996304242360712133
0.087080677806635004
0.0997041538419942697
0.0706221108201163239
0.113725921652112927
0.0952761263108607426
0.0904272139043195838
0.0933067878094136771
0.0892910607921569149
0.050069914458723247
0.0425274665660795165
0.0701697666638556594
0.0266827458626193309
0.0290399352131285662
0.0710385930962148388
0.106285018688552085
0.0589190330357811515
0.066742683596767452
0.0497549428195315432
0.0596594174380269474
0.0249709050989083067
0.0658872598482843075
0.0560806841422660379
0.0614724825887978041
0.0573347821242817246
0.0667293310604441803
0.0188156745360213984
0.0742222867425310628
0.081370942187332887
0.0892193041234084772
0.127194563172896846
0.12209519635480677
0.136237198651186803
0.10198886432307977
0.111258414465652711
0.135942135960065019
0.120426401284314144
0.183166201461698153
0.156075800749618188
0.17639116718062417
0.126305461033744931
0.194883460045372991
0.194306164028667377
0.213942650452578237
0.225366474788375321
0.235218500100522337
0.241249924484267575
0.269574500060456912
0.246226938277276902
0.301643970179147514
0.328936124493484028
0.352774768717238341
0.327346768554617917
0.336870657163821308
0.347870027644571311
0.320638623429708114
0.414662218358244739
0.428949643914005474
0.447675224096416524
0.435092122225547551
0.478278233211042958
0.453240961120710939
