0.412949087850317365
0.407011036556136241
0.401072985261955173
0.395134933967774105
0.389196882673593036
0.383258831379411968
0.377320780085230845
0.371382728791049777
0.365444677496868708
0.35950662620268764
0.353568574908506517
0.347630523614325448
0.34169247232014438
0.335754421025963312
0.329816369731782244
0.32387831843760112
0.317940267143420052
0.312002215849238984
0.306064164555057916
0.300126113260876792
0.294188061966695724
0.288250010672514656
0.282311959378333588
0.27637390808415252
0.270435856789971396
0.264497805495790328
0.25855975420160926
0.252621702907428192
0.246683651613247096
0.240745600319066028
0.234807549024884932
0.228869497730703864
0.222931446436522768
0.2169933951423417
0.211055343848160604
0.205117292553979536
0.199179241259798467
0.193241189965617371
0.187303138671436303
0.181365087377255207
0.175427036083074139
0.169488984788893043
0.163550933494711975
0.157612882200530907
0.151674830906349811
0.145736779612168743
0.139798728317987647
0.133860677023806579
0.127922625729625483
0.121984574435444415
0.116046523141263333
0.110108471847082251
0.104170420552901169
0.098232369258720087
0.0922943179645390049
0.0863562666703579368
0.0804182153761768548
0.0744801640819957728
0.0685421127878146907
0.0626040614936336087
0.0566660101994525336
0.0507279589052714516
0.0447899076110903696
0.0388518563169092876
0.0329138050227282125
0.0269757537285471305
0.0210377024343660485
0.0150996511401849682
0.00916159984600388791
0.00322354855182280849
-0.00271450274235827179
-0.00865255403653935294
-0.0145906053307204332
-0.0205286566249015118
-0.0264667079190825938
-0.0324047592132636758
-0.0381974104658544186
-0.0364686210277094455
-0.0347398315895644655
-0.0330110421514194854
-0.0312822527132745054
-0.0295534632751295288
-0.0278246738369845488
-0.0260958843988395722
-0.0243670949606945922
-0.0226383055225496156
-0.0209095160844046356
-0.019180726646259659
-0.017451937208114679
-0.0157231477699697024
-0.0139943583318247224
-0.0122655688936797441
-0.0105367794555347657
-0.00880799001738978744
-0.00707920057924480827
-0.00535041114109982997
-0.00362162170295485166
-0.00189283226480987292
-0.000164042826664894536
0.0015647466114800839
0.00329353604962506243
0.00502232548777004073
0.00675111492591501904
0.00847990436405999734
0.0102086938022049756
0.0119374832403499557
0.013666272678494934
0.0153950621166399123
0.0171238515547848906
0.0188526409929298672
0.0205814304310748472
0.0223102198692198272
0.0240390093073648038
0.0257677987455097839
0.0274965881836547604
0.0292253776217997405
0.030954167059944717
0.0326829564980896936
0.0344117459362346736
0.0361405353743796537
0.0378693248125246337
0.0395981142506696138
0.0413269036888145869
0.0430556931269595669
0.0447844825651045469
0.046513272003249527
0.0482420614413945001
0.0499708508795394801
0.0516996403176844602
0.0534284297558294402
0.0551572191939744202
0.0568860086321193933
0.0586147980702643734
0.0603435875084093534
0.0620723769465543335
0.0638011663846993066
0.0655299558228442935
0.0672587452609892666
0.0689875346991342397
0.0707163241372792267
0.0724451135754241998
0.0741739030135691868
0.0759026924517141599
0.077631481889859133
0.07936027132800412
0.0810890607661490931
0.0828178502042940662
0.0845466396424390532
0.0862754290805840263
0.0880042185187290132
0.0897330079568739863
0.0914617973950189594
0.0931905868331639464
0.0949193762713089195
0.0966481657094539065
0.0983769551475988796
0.100105744585743853
0.10183453402388884
0.103563323462033813
0.1052921129001788
0.107020902338323773
0.108749691776468746
0.110478481214613733
0.112207270652758706
0.113936060090903679
0.115664849529048666
0.117393638967193639
0.119122428405338626
0.120851217843483599
0.122580007281628572
0.124308796719773559
0.126037586157918546
0.127766375596063519
0.129495165034208493
0.131223954472353466
0.137292844086397997
0.143361733700442529
0.14943062331448706
0.155499512928531591
0.161568402542576123
0.167637292156620654
0.181347512430821173
0.195057732705021691
0.208767952979222182
0.222478173253422701
0.236188393527623219
0.249898613801823738
0.263608834076024257
0.277319054350224747
0.291029274624425294
0.304739494898625785
0.318449715172826275
0.332159935447026822
0.345870155721227313
0.359580375995427859
0.37329059626962835
0.391177300428913854
0.409064004588199359
0.426950708747484864
0.444837412906770369
0.462724117066055873
0.480610821225341378
